x
NA
NA
NA
NA
NA
NA
NA
NA
NA
NA
NA
0.399838046571524
0.459386275267022
-0.410991087664127
-0.168263517652137
-0.351561960536152
-0.399630329854297
-0.727861716302204
-0.682226483939768
-0.649535432739614
-0.63945945305003
-0.644747479359731
-0.647628674245584
-0.408775669329837
-0.475079711701879
-0.0842156167279419
-1.21600780543473
-0.579054433604299
0.0491805625406434
0.0778382217648987
0.0911295390637792
0.157975236994458
0.159235451409903
0.159543692957602
0.217497583450145
-0.0375236662500465
-0.30131157048331
-0.368162259397471
-0.0537712332812192
-0.838778905411206
-1.47324578531301
-1.49769111476412
-1.41091125530014
-1.42418527486955
-1.40295743899046
-1.40393696422539
-1.46796311731771
-1.47059159747004
-1.31808939028622
-1.69027457076643
-1.05830896819794
0.559674604404305
1.21254252692295
1.41756745631117
1.46150902234685
1.42205505555176
1.42113061879811
1.43233342544051
1.41288283186775
1.39555371658825
1.73133697264571
2.08860254212314
2.29838993206088
2.69524296777011
2.16711046783572
2.13806730277776
2.14851393816004
2.10985694774235
2.07443217742296
2.07188674412704
2.04044436239228
2.30994583048904
2.13586728640627
2.19442465920333
2.21542389029328
2.0800109317996
2.22037514568385
2.16088338717337
1.95015260336387
1.92712710578158
1.96353443846138
1.96312096561525
1.9623470047083
1.64199673808591
1.75536725625138
1.40992300610114
1.51507183730071
0.778334763644803
0.0743511459551604
-0.0125275836196417
-0.0914346953718225
-0.228379116622456
-0.31524480643067
-0.325472166082051
-0.370722329548419
-0.402481147649408
-0.450751074505419
-0.324967426586982
-0.879599100635713
-0.386625113005802
0.376505624012777
0.334217958605945
0.336796268437074
0.33628480423712
0.333882095449554
0.33350566158781
0.331889062223888
0.451821064387112
0.55327002665914
0.36647530915394
0.43923938141956
1.05049864415359
1.1423330010492
1.04096165245095
1.04142706771465
1.07240251842407
1.06627929689457
1.06700727356132
1.05240649584835
1.26119897652986
1.04990178966907
1.48792448502996
1.16978176011401
0.510862898723957
-0.0298552744834722
-0.0536976509618239
-0.0679480342561498
-0.11239650141989
-0.0946883014908284
-0.0955924402513474
-0.0884522978205717
-0.576186161027479
-0.249610226885546
-0.874165811691249
-0.242205114190469
-0.49610987574794
-0.268418506466461
-0.119717583302094
-0.201228232605176
-0.209002786202804
-0.223466269884931
-0.223609180554607
-0.216569449966988
-0.221513043437801
-0.421770515582975
0.0744688615559966
-0.0765908061936891
0.085145345339031
-0.545086302876633
-0.653641265650309
-0.583554612011746
-0.554162868001648
-0.54391333798558
-0.544125048444444
-0.530210428225739
-0.532792604456346
-0.613531940774711
-0.972894757508996
-1.43721973321918
-2.94240068475991
-2.40263334693979
-2.24041013966001
-2.11989332352396
-2.02739595730609
-1.99856076971422
-1.9911804232384
-1.95167915853094
-1.92693150081928
-1.7650191325235
-1.05023232807744
-0.523352273876514
-0.19847655223004
0.235032448226589
0.691778477624405
0.770248990065951
0.749954066433297
0.743740664642706
0.740285545574994
0.731468528517857
0.940303966907544
0.844943875369836
0.500680198385219
0.324758255123168
0.590267207610544
0.540095726426176
0.163887031977146
0.187525924235551
0.191464233560557
0.192301673495537
0.192979786070537
0.251991654551945
-0.0269399207302638
0.270510638167917
0.170021093352332
0.281300869380776
0.406996471734679
0.34725086662349
0.173706804920498
0.110040863258782
0.223570738185176
0.226179759475009
0.225407683395402
0.19708359142841
0.190795050242286
0.035019639151814
0.471655558432563
0.583274085543468
0.417960781459752
0.322320566794331
0.31565703697737
0.263963602964328
0.219893465409833
0.218191887872941
0.218143755388856
0.188815686732715
0.247017629530025
0.268683348528201
-0.236700159164855
-0.533497220715508
-1.41524061979502
-1.77057560452498
-1.67076158174727
-1.64649790452074
-1.66321058038282
-1.63896778924465
-1.63310025017796
-1.59992699868873
-1.65168413129472
-1.72103043002668
-1.38361151472877
-0.766832860303269
-0.471257857782524
0.0115948049172654
0.021478247358123
0.0506486745013174
0.0465481954980679
0.0492150745074462
0.0453318956087242
0.0622320635140318
0.19577865113612
0.201974729252851
0.328514465770425
-0.182413577330536
-0.0545636648261753
-0.0667817164638383
0.177383524461941
0.315901524071923
0.480954329424737
0.493439957532362
0.493450864905964
0.47697945430656
0.448821185460931
0.191183414033384
-0.0541148697303408
0.017750738002026
-0.210918804149852
-0.654583674372879
-0.443863685580065
-0.504463461282074
-0.644425728311797
-0.650497577431637
-0.650732177457517
-0.627245836958672
-0.827215955973715
0.307247580237558
0.334684294845989
0.449954299576162
0.912742716131554
1.22347023846331
0.98608799448082
0.909961693131722
0.852059279929579
0.842369565412595
0.842455286449576
0.828757839010616
0.821375042398172
-0.208922258354387
0.21695439018754
0.318857458685021
-0.0266794107474207
-0.205685979869494
0.0832667842338781
0.061005738581094
0.0684010233506685
0.0707920331406797
0.0707122751629207
0.0711498485799973
0.0632963408872851
1.27260567183419
1.50415831162155
1.46392192498346
1.41457650793756
1.25645586034716
1.50676578545782
1.51855691127227
1.48313642028669
1.46766645360444
1.46788615754432
1.44618854878942
1.42089592914989
0.331436824654026
-0.387329659460532
-0.385413456247868
-0.685090491420782
-0.36883846305221
-0.911722856081478
-0.83323687690548
-0.806960804283168
-0.79304019022128
-0.793305406653575
-0.774982476791507
-0.740768692779845
-0.649704671843833
-0.479774301082098
-0.642902991590319
-0.636677109487192
-0.302728805931146
-0.43770654751308
-0.511374353316236
-0.470573429897396
-0.453100751442696
-0.43246125523741
-0.409064558433521
-0.378665659274497
-0.579553584817476
0.0340299971034432
0.00845376000039652
-0.112289058549095
-0.493394783164318
-0.387853302736785
-0.368420783967701
-0.361793217861407
-0.361597846634254
-0.381764203962607
-0.380373603511537
-0.418870792301021
-0.135717101304247
-0.753943394171937
-0.263386808916902
0.128049917804433
0.217038284355629
0.114452578986221
0.187525924235551
0.240442737334091
0.245718071433569
0.275168245892079
0.27810250624179
0.247017629530024
0.0245414073234872
0.206488777305094
0.0152172313226833
0.664717914307344
1.20261945537938
1.3720691995269
1.39258947389195
1.42261385667973
1.42498027026691
1.42464095491149
1.41665507520162
1.42860445862737
1.61376824250107
1.516995208968
1.23077588713294
0.790990833272336
-0.118012730306703
-0.152680995968053
-0.314647279525184
-0.431906463798659
-0.445710388863975
-0.372816990451851
-0.377433444199817
-0.181122570944303
0.184097501237213
0.36719499355897
0.706680539586996
0.587724707123457
1.00004286825588
1.01990277865254
1.21975485974691
1.21939676357355
1.24768691305914
1.23184109949686
1.25969228940129
1.07790718615477
0.750416193700053
0.666093571897432
0.439622498040047
-0.197979547662732
-0.836991831611165
-1.13750614041577
-1.52245551557337
-1.57867534364432
-1.65608324530935
-1.65907884244469
-1.74228489844373
-1.72355236234133
-2.30622652894737
-2.35701042983064
-2.36654477059356
-1.98222980595476
-1.13201929518393
-0.490109085002062
-0.118388897626768
-0.0590732710124188
-0.0305719916587044
-0.0626019687032683
0.177643822965366
0.314871578645518
0.382593686242233
0.371151020084008
0.679863136537972
0.515593009166287
0.4376701730521
-0.0202165411561475
-0.31071025331217
-0.334463717887535
-0.353971759803831
-0.360497995594397
-0.600707806002439
-0.779009592324551
-0.9459460767339
-0.92164081012068
-1.05608226448699
-1.52068312776327
-1.97311725680961
-1.61206617600202
-1.38823163980568
-1.30092876846951
-1.28125586001888
-1.32620473529792
-1.32538142000346
-1.3422184631325
-0.915586545740236
-1.01604334220473
-1.50117170734611
-1.13724866823032
-0.859111089661761
-1.00223140537061
-1.06354071975809
-1.03668431001915
-1.02292260642839
-1.02272149242585
-1.00236749471711
-0.86794717478028
-1.3323794291561
-0.525308755083284
-0.204176106275658
-0.273126359176792
-0.152048986295811
-0.121031130282566
0.055432148986482
0.159469668169568
0.176905543942608
0.171334045435405
0.171864973949259
0.0702894311033587
0.157507199205182
-0.245097400352287
-0.42050503404395
0.128514209406688
0.0159816215452347
0.012153694532109
-0.130891675201743
-0.218884467449677
-0.230822287771487
-0.225242925766611
-0.186998279463519
-0.111704073577013
