x
-0.623474819850497
-0.584651512804497
0.101078355060345
0.335509282698314
0.272346889000826
0.247381900978555
0.20313942366666
0.127241187806008
0.0486225469081824
-0.0301569957486249
-0.104110293733083
-0.17427148677238
-0.243136177953295
-0.302587544213438
-0.157761472627995
0.375610749947949
0.324205721101731
0.252177354486779
0.17590102057182
0.0964209923636437
0.0173020102435978
-0.0610514467167698
-0.133501668124089
-0.195728037718362
-0.234257066752634
-0.244398056928705
-0.249776879127964
-0.231012137414116
-0.154821377284359
-0.184205269040183
-0.250452658056457
-0.320355665451029
-0.390092682739954
-0.459366744816748
-0.528821587840933
-0.597409148314561
-0.664397261389051
-0.703412273043633
-0.737112734863291
-0.758058145658963
-0.803857959742903
-0.827645082156985
-0.852146215067196
-0.876636797485443
-0.897822550572559
-0.903549672100099
-0.906959225484072
-0.910149488182789
-0.911678090548246
-0.913573298068018
-0.880769787270053
-0.0845170655007287
0.956195019403196
1
1
0.973245351332836
0.895362219945867
0.814248530797284
0.73329983960025
0.651586158650843
0.583142365698858
0.624548171678415
0.851306143982592
1
1
1
1
0.999173143881848
0.948707567103893
0.866718575728879
0.78495285779721
0.74664086558804
0.900839139408837
0.916433766039083
0.966070145513892
1
1
1
1
0.978736064153452
0.906583750489278
0.827616609296609
0.746968432729544
0.669098769398158
0.59431830718704
0.525237892031766
0.512098850476517
0.510001982094524
0.447612749128569
0.379244660087445
0.316261199975822
0.242041342225625
0.163692393587341
0.0848608729221656
0.00621828157401624
-0.0702052971731378
-0.138720188914187
-0.199077569622434
-0.238132466563237
-0.102524122423485
0.440826977332715
0.456765292358942
0.399064609135419
0.327674848381052
0.252300093774724
0.175944178114485
0.0998348219029773
0.0262649276460277
-0.0416356074227801
-0.103271529579727
-0.147592878322016
0.429132786674995
1
1
0.999760286595072
0.956444344865104
0.878119188840308
0.798621213999315
0.719276358942328
0.666881940722532
0.754021233503254
0.693694578031587
0.668225384940864
0.668625839516969
0.897054201769056
0.852577669623152
0.785276094054119
0.709514201366082
0.630486151488653
0.551320891539562
0.471986387174682
0.394906356430457
0.323477943704539
0.263699741946997
0.209114128186013
0.536164206704143
0.637959960186174
0.633376457047679
0.562160594144789
0.483682675102255
0.405288702560899
0.328879844935625
0.252831289777223
0.177649553545163
0.103690740384034
0.113611419069978
0.237532482843384
0.495732591130543
0.475950021559106
0.407654930335207
0.339040392657815
0.264027489915577
0.187942506600042
0.111631666337571
0.035581598834062
-0.0394610697346417
-0.108623469041526
-0.1692926892121
-0.207621130986682
-0.252417425775557
-0.311190005601338
-0.37369707399542
-0.424329774536076
-0.46931466929943
-0.514314875869248
-0.56743818081441
-0.628432756194045
-0.687349245431283
-0.744885039108622
-0.782404896939413
-0.782880869134211
-0.726731961857173
-0.68950287425198
-0.683671310764106
-0.691252377586589
-0.738060955773609
-0.785654727795128
-0.817123824061574
-0.840000406745784
-0.861257961193609
-0.860142342648748
-0.875649179262961
-0.888802375934396
-0.675788398917343
-0.457333179665935
-0.443793804871955
-0.465127856380085
-0.503323805847152
-0.556045702102852
-0.613574889887369
-0.666282128336456
-0.718169763897564
-0.743886289133807
-0.752503061448664
-0.760374960488404
-0.692540530834895
-0.262233939916584
-0.230263959691859
-0.269923652555862
-0.314418889484395
-0.369476706391838
-0.435054015111523
-0.505431929044347
-0.568282447986138
-0.6142536179404
-0.543189014009101
-0.512618009872862
-0.245124314636685
-0.197849627853559
-0.241116014490943
-0.297366387298261
-0.355681702806714
-0.417200684239017
-0.483981083435756
-0.550538815906725
-0.611505324011203
-0.658940992847212
-0.693592720264121
-0.743382780600834
-0.792620830647512
-0.819950997723197
-0.841779439183843
-0.862600232596563
-0.883582803006186
-0.89980885846346
-0.901566499969777
-0.901824390089527
-0.902045663395861
-0.901509214482884
-0.901471020969037
-0.873034342568153
-0.844982600208203
-0.847616628316979
-0.868321506058713
-0.891057820797485
-0.901923130624005
-0.905032814490943
-0.908526429046362
-0.911867265292525
-0.914672731155931
-0.915023288509198
-0.914923398737858
-0.899401950877476
-0.876452084114095
-0.845338718139872
-0.85176427399542
-0.873519801092059
-0.89346245660978
-0.90053949414949
-0.901628385807258
-0.903721392129919
-0.905598203058572
-0.905878968547883
-0.906890764343714
-0.90493160742278
-0.894444176056631
-0.872658423324132
-0.89260688769519
-0.901561550482561
-0.904210159617981
-0.906916700395586
-0.909076719630876
-0.911712731209661
-0.914811623058169
-0.832930974270113
-0.758442691175158
-0.755321152021922
-0.680878197793046
-0.511372868086478
-0.529559477326671
-0.557251079365719
-0.596529494227398
-0.638429241723923
-0.683773816203582
-0.731769301519883
-0.774693465616248
-0.80668845584413
-0.827950961363434
-0.824471430839596
-0.769262093191755
-0.722349857790494
-0.704287003289611
-0.695610115290846
-0.739831500151115
-0.78743700453883
-0.816894335234027
-0.839361461753071
-0.861003823900385
-0.783758964518144
0.894440757974542
1
1
1
1
1
0.994341941447885
0.93005795910889
0.850082320485181
0.76994997859671
0.699690787451391
0.640070718381657
0.591534359596681
0.568293437246882
0.984452266666667
0.956368278857972
0.933355220986883
0.901067982188552
0.843642959279483
0.772804695731834
0.699078060728174
0.622206142494274
0.557424132497834
0.7681311477101
1
1
1
1
1
1
1
0.986300831313762
0.919231468719147
0.850644062127837
0.882971119824303
1
1
1
1
1
1
0.999999290765852
0.96577481267756
0.896363114386842
0.824104791279644
0.751816453383302
0.69167828816667
0.643060730914146
0.611200949751233
0.608333310390683
0.955867518800749
1
1
0.990701305877375
0.933901190465636
0.860813098480117
0.783961829018154
0.704356089444097
0.630411227821321
0.570893695956156
0.531793000803069
0.534275338558562
0.65640583701853
1
1
1
1
0.992580093441599
0.928957761399126
0.860757309348324
0.796765150813
0.753971736696822
0.72094009815294
0.669092780882916
0.719281731584426
0.771620835042614
0.742159459671039
0.693620501380186
0.702213360520642
0.646461692109098
0.576039826721202
0.511699587757651
0.456067083234269
0.450226104168765
0.460023365396627
0.554685513811932
0.598099140037477
0.830610407849932
1
1
1
0.996526101853008
0.959568075114344
0.916110047220487
0.86956951647156
0.825565308134029
0.790323695965883
0.755068171425117
0.716396985217572
0.675388041183937
0.63575439483656
0.594113315306965
0.548279174548165
0.500305892816989
0.451652696419577
0.406096245846346
0.363057559992746
0.320107536660555
0.263297499063086
0.208781363260865
0.158373962939829
0.205373047006911
0.233451620737039
0.244996060687877
0.206736906852572
0.133293041182594
0.0549339153351736
-0.0176671047262128
-0.0868749973202232
-0.151469804920312
-0.204913363433568
-0.201435825189901
-0.159440352446388
-0.1974514044851
-0.226313404788674
-0.278875910297999
-0.334489609800326
-0.390119442015407
-0.444785360117668
-0.499074638351031
-0.551085972557474
-0.600573980616953
-0.644989661461587
-0.682965986258588
-0.713301279367062
-0.739571289234551
-0.763098222277743
-0.787221984324313
-0.811682955572122
-0.836623252800333
-0.861837666619653
-0.886526536581303
-0.902140255888457
-0.904413057645423
-0.905722918003834
-0.907925692248796
-0.904060878284406
-0.893373549596019
-0.901024103601915
-0.903827431726139
-0.907098576937801
-0.910561911471997
-0.91415369652032
-0.916853387299604
-0.742889833853841
-0.685390086679696
-0.666380807709467
-0.580747884185287
-0.557176823152197
-0.561923908524914
-0.586174171809286
-0.607111808023211
-0.630975669883742
-0.657208328794503
-0.684289726018013
-0.71131466233604
-0.737866773911467
-0.763038395841309
-0.78499552493977
-0.806949666780843
-0.681712315136373
-0.545061475932381
-0.556798440974391
-0.584345990207733
-0.612140685619875
-0.639079170185301
-0.668652678527533
-0.695421054507599
-0.721236129999396
