x
-0.624036717696601
-0.569419519696741
0.124500010719107
0.339795315927545
0.273482127863634
0.258248645263377
0.212268654671475
0.133966857810643
0.055301263377056
-0.0235261310068304
-0.0981653693108474
-0.167540493643086
-0.225521458120932
-0.268742121888106
-0.0549538899478149
0.53043740195711
0.467562479256916
0.392294471955028
0.316014327174548
0.236534314440571
0.157415324755361
0.0779678597650662
-0.00131766445971268
-0.0579556164493965
-0.0799034319679233
-0.0833192340501472
-0.0842369970381415
-0.051904522340204
0.0560404805061353
0.0296343505309182
-0.0458012155306159
-0.115595426406883
-0.185428445887987
-0.256071840261127
-0.326916783676869
-0.396406905039189
-0.466340597771554
-0.479509987686268
-0.496223163748464
-0.500154900520508
-0.564488132981403
-0.630912019987508
-0.696215847675848
-0.76245118607322
-0.810522580720383
-0.835611911587516
-0.860520490360192
-0.884477336181016
-0.897402120771292
-0.901873952917358
-0.83602088275473
0.0646337965438268
0.988894840079789
1
1
0.967831006266245
0.88855487986675
0.807441213757531
0.726492472871122
0.644778820978824
0.588443516995426
0.663923133755688
0.905390929378816
1
1
1
1
0.999998578952671
0.958067914220279
0.875974860228486
0.794209147282948
0.7811554694445
0.999281736656525
1
1
1
1
1
1
0.978977275976708
0.921657433437435
0.840815240152324
0.762964872288153
0.692985729080615
0.618376143297536
0.55002575390381
0.571967264975519
0.585125968269831
0.521019365477222
0.45426245130127
0.39562593765993
0.318303170196047
0.239632339121382
0.16080082722492
0.0821582430980637
0.004354141887127
-0.0679084617275493
-0.12296563613259
-0.138176177953295
0.0777471520299813
0.703621383731942
0.71281604996877
0.653702889887369
0.573126829280087
0.491150798750781
0.409719720013701
0.33091668373933
0.255734685821362
0.19265698422357
0.129545519764433
0.0964153339646592
0.736578888861128
1
1
0.998720061896798
0.945822405512684
0.864729621320008
0.782613649694747
0.700645421944618
0.66849976828998
0.844112173117608
0.781443900419381
0.786347434788741
0.794646164813658
0.999151485160484
1
0.980813808144103
0.903673950877476
0.822013769394129
0.740230477242046
0.658272608952738
0.57730799411658
0.508775245149201
0.456289030784331
0.417246298482803
0.868246980303977
0.967859811488787
1
0.966282335475812
0.885059571961073
0.803109131459504
0.720838535270295
0.638864392421403
0.557880997924684
0.479248909431605
0.555909035473519
0.72320227083879
0.989455070580887
1
0.999520294482615
0.952034543571558
0.870822302512543
0.788804279991672
0.706533653885676
0.624559546283573
0.543576142330398
0.465394874010195
0.402542022664406
0.390125308456408
0.341254769102644
0.272930049686688
0.201503044597127
0.142486787048417
0.087704736797566
0.032059064418072
-0.0302868758638754
-0.0980207823443681
-0.161899415445991
-0.220346720718906
-0.235419497100027
-0.213060750579275
-0.0890626851551114
-0.0464054675505229
-0.0343422987299604
-0.0321516252342286
-0.0925375949708851
-0.149769879158859
-0.20796273425883
-0.270358687153862
-0.327373274284218
-0.329566001893978
-0.375438235388596
-0.403980624367835
-0.115801349489902
0.157113093348915
0.16651816881116
0.137058118031069
0.0866066153815156
0.0203681259212992
-0.0509932479297213
-0.114241812200708
-0.173410306300498
-0.178014174689206
-0.161697108962071
-0.0245359617980698
0.178795447511972
0.676172031190184
0.695368826483448
0.644244326650682
0.591374629566199
0.52335293374974
0.442553222300578
0.360354421153446
0.286938587253934
0.241220727367976
0.434365021861337
0.494028405150007
0.85590566429315
0.901905167334932
0.848053681115969
0.781223277387117
0.711354336442949
0.635706936498022
0.553102761096895
0.472219676035811
0.397334789627451
0.348229936934577
0.330594975283305
0.270375282545183
0.221424609618988
0.183717817654289
0.119349020195711
0.0561533441599001
-0.0117196571497653
-0.0889227406204456
-0.162876358405029
-0.229985760233188
-0.290484732203663
-0.322168523382563
-0.358698947443562
-0.330832009348996
-0.291960716552155
-0.298578532933046
-0.327273500728711
-0.375014756422397
-0.429097604964639
-0.487149267707683
-0.547372380004433
-0.606295333416615
-0.654764352279825
-0.629230194354335
-0.630162096276034
-0.620369080937317
-0.569944494024568
-0.465014917934356
-0.477621415948366
-0.508121780016522
-0.547783671334448
-0.591977607328753
-0.636611296004513
-0.682586454799084
-0.721521205375672
-0.754403444943684
-0.785567265459088
-0.787100376458262
-0.77528744934416
-0.747522923334206
-0.76841515452842
-0.791526323144809
-0.817129508250892
-0.841966164480533
-0.866589961596583
-0.890336086612534
-0.901979296810461
-0.703332423364429
-0.547606718657982
-0.539648332695291
-0.439856404413908
-0.2546585351897
-0.247849246221112
-0.276932789264774
-0.319967063166166
-0.368229777722257
-0.419228466079668
-0.472974830730793
-0.522143780137414
-0.562650391247406
-0.585236974034086
-0.523763557454011
-0.354976700895274
-0.262864240172473
-0.224993088652925
-0.208445905824988
-0.260017559992746
-0.317956230689153
-0.379933148233967
-0.439619613741412
-0.491094839918599
-0.326202585319659
1
1
1
1
1
1
0.996071724849388
0.933582039225484
0.851242101428543
0.768817886154487
0.696060148213818
0.639295027704459
0.633654103328277
0.636094328786444
1
1
1
1
0.998842648505974
0.949529272204872
0.872463166005118
0.792029506891526
0.730367696963591
0.958161926860228
1
1
1
1
1
1
1
0.980734275744326
0.907926977896879
0.839830292733708
0.899197362938486
1
1
1
1
1
1
0.999999012230259
0.964765115996051
0.892589712762857
0.816819125465939
0.740343650551738
0.684075772642099
0.64361986016804
0.620359628335738
0.646413046039774
0.996427070414324
1
1
0.995452186899317
0.945982264310612
0.871736633937123
0.791523987830187
0.710726699812617
0.635896253873587
0.57800237819105
0.543691021682877
0.596908703673108
0.747504924089111
1
1
1
1
1
0.974274318550906
0.904345922465126
0.837054184360581
0.801712912655397
0.783909108235924
0.73140291060023
0.845686717801374
0.938681887691161
0.9082076155736
0.864054150671959
0.917160247103625
0.864057289527379
0.799628311015293
0.733120906100354
0.68966285104068
0.734360468578106
0.763164810564826
0.949409794362394
0.988606097189257
1
1
1
1
0.996424341453258
0.95828770889162
0.915038322381845
0.869604333420644
0.828780454796397
0.820473139460251
0.802378246499164
0.763223084239017
0.720651194293889
0.679433911138872
0.636252077935161
0.588840327053656
0.539338052383927
0.489176407970825
0.440685384967729
0.395020463178256
0.350133395015212
0.291130060854823
0.235342625697649
0.187153266541745
0.314643178980879
0.366125782052884
0.392622761741653
0.365820919344764
0.290922813241724
0.211097180391288
0.146023591255465
0.0995515261026375
0.0697027957526546
0.0152291160881592
0.0386022181297979
0.095559344742869
0.0575466153009208
0.0262310642515095
-0.0338997868267817
-0.0933639533356169
-0.151042870206121
-0.208148857931535
-0.263315729002707
-0.314137437005098
-0.365502685982551
-0.412877682876773
-0.443834146884004
-0.449625410784926
-0.478882029054422
-0.504175006620862
-0.499622227720578
-0.525571343716629
-0.55699136039975
-0.590677458846286
-0.620143434353529
-0.647704628478169
-0.664546624811106
-0.642023823386246
-0.662865473595132
-0.64653360716219
-0.637197670165824
-0.653583814116177
-0.678980767342991
-0.707395911748705
-0.734809452092442
-0.74010778747154
-0.617154583718509
-0.387898841933469
-0.348314624649916
-0.311522565539395
-0.206896107997018
-0.183307600749532
-0.187320363482501
-0.213304532667083
-0.228100439805767
-0.253581917753017
-0.285085573516552
-0.318158706937197
-0.350863662211118
-0.381511437931938
-0.408383097338357
-0.416748823413938
-0.438767216941025
-0.205437508224027
-0.0268587268441095
-0.0458665041016032
-0.0769873654772219
-0.108021445306361
-0.140358971642723
-0.175637693538313
-0.20794145259213
-0.236916385323689
