x
NA
NA
NA
NA
NA
NA
NA
NA
NA
NA
NA
-0.0324906287868611
-0.130020200079475
-0.906405597482422
-0.405818605582691
-0.427648288568075
-0.380326187650602
-0.517161870705652
-0.477235590690222
-0.453733212177556
-0.446773038312643
-0.455845586112159
-0.458184526942691
-0.275592713220984
-0.383222692575842
-0.158140823329054
-1.25932824414619
-0.976520609087378
-0.489729372708253
-0.448628036008596
-0.38776160313753
-0.327723071423832
-0.315902233327187
-0.309501884914045
-0.268719310634859
-0.479524799245758
-0.691643334303998
-0.597751241910608
-0.476330998393118
-1.03677229129333
-1.56501783094788
-1.64115178023402
-1.59424036222347
-1.56385012439411
-1.55409868658295
-1.55995596545685
-1.60663716288587
-1.64127175324624
-1.65405910889273
-1.78286024511074
-1.16808245906632
0.268149090930063
0.9082604296108
1.04963425891627
1.09839306452553
1.09300036320887
1.10403234673437
1.11218623855475
1.1064726490412
1.12174994472067
1.57579652541079
1.92787810280342
2.21561253044577
2.4714857397018
2.18558905182539
2.2825375666389
2.28431412536612
2.21756405643627
2.18238277125958
2.17377633315266
2.16405525225668
2.48324380282431
2.31854609490258
2.08339122856858
2.16490822782471
1.95964053308312
1.90511718752374
1.84333323040056
1.6952824678762
1.68863837273925
1.70433877571151
1.70541708708098
1.74456851391642
1.45719324444873
1.46426441493627
1.08423984488965
0.969062870041072
0.334824519294507
-0.122307957648327
-0.137843940528634
-0.22056022329067
-0.316639948072888
-0.360346320926007
-0.365340092175742
-0.453668336431492
-0.520992179940953
-0.505577345710892
-0.44521832044925
-0.71283894299759
-0.220648476909596
0.37153514480058
0.309575102632538
0.296717248853575
0.29318671509656
0.31077427054311
0.312109329695547
0.312221842839555
0.484564413540272
0.559223710279661
0.400055557682763
0.431940089833922
1.0696842580312
1.14135171010414
1.03468210711866
1.12906081387108
1.15146560174955
1.1328097835146
1.13211671163278
1.12530959088965
1.38096567613822
1.25204746649588
1.53352905446181
1.21265087688809
0.445383911822419
0.118704373456865
0.101970636073448
0.0107008094101682
-0.0359118985989653
-0.015102570020384
-0.0133789076143455
0.00541335170266772
-0.557212575401616
-0.304960681276358
-0.568273099619891
0.143523385803941
-0.136825717127166
-0.0800314492381044
-0.0249464683023013
-0.126871066545418
-0.124695374497834
-0.147037204142143
-0.147780858791489
-0.164791078704015
-0.173377589583073
-0.0703114574165102
0.392593151459051
0.241745193044787
0.3074445632688
-0.181303345677195
-0.251770075017794
-0.201424151172626
-0.190167164568901
-0.185153063585715
-0.186209858310533
-0.184495173064403
-0.191634180525954
-0.568859395792921
-1.13145442220971
-1.88605385204938
-2.79861306266452
-2.3635916712018
-2.33084677862261
-2.22237726930884
-2.13473948074269
-2.11147645970407
-2.10376057891776
-2.08294942997065
-2.06080178943436
-1.80172125991466
-1.08781282311775
-0.574857358042178
-0.0960237238198075
0.0832692774608851
0.658933457380622
0.668246716848171
0.65499876781105
0.651605343525907
0.649200636808327
0.64362161136743
0.823691115977993
0.718025071905174
0.494496000475434
0.336328962821176
0.518775519347153
0.776127425731652
0.3681250831334
0.45315854140153
0.448697703754059
0.446035461699098
0.448669560899012
0.489140990236815
0.284968380686218
0.571851999590166
0.54448596002912
0.758273547484297
0.904568259505396
0.694234633684732
0.509525737852951
0.387737153431013
0.469341123510941
0.468376854409252
0.469372236495291
0.438367573930927
0.434199762146271
0.28117833454202
0.423350052190315
0.405228315930258
0.0636264640269171
-0.0607216097661307
-0.0715435029558395
-0.0872211451638202
-0.140844466536561
-0.138502887830525
-0.141505945122347
-0.143128732325405
-0.0897986029859433
-0.0393467798783893
-0.362010536816825
-0.666996048187529
-1.34766964352671
-1.61826911399605
-1.56152450416878
-1.49620930236462
-1.47125523580928
-1.45377988971219
-1.45039380489028
-1.45696146283468
-1.53534955023899
-1.94835117895475
-1.42871296251233
-1.1667431324033
-1.13367485454208
-0.535224530641001
-0.489771961029847
-0.468446352135146
-0.465425269109111
-0.454916012012799
-0.452371910113851
-0.409013197679656
-0.155284732140169
0.0401576679327291
0.228785587789699
-0.035776021392015
0.325838694913775
0.102307117118955
0.283798211696046
0.433219242767171
0.591836615365689
0.603646935312643
0.600944848160204
0.570933210073194
0.469768371061829
0.212714676377974
-0.0553168872810847
-0.0327376715055618
-0.309881635257828
-0.590973308425304
-0.587218555253732
-0.703424827946948
-0.886339667003137
-0.899502768800651
-0.893612670707528
-0.880134381437084
-1.08133213759692
-0.089362272567247
-0.100093379905297
0.0625312309801527
0.206736076984033
0.568801676133397
0.541385353514242
0.53125480628169
0.509166503242286
0.505319681646005
0.502313669380916
0.494458859875899
0.500068324071912
-0.296222091079463
0.0092398941562742
0.161623241323891
-0.024257634953737
-0.220612803757958
-0.0192384310884393
-0.0435988579771905
-0.0320109490246491
-0.0283682368828233
-0.0282057749122171
-0.0291510517155591
-0.0383191241973132
1.09654308753905
1.34186584631562
1.26747137596017
1.1874656652373
1.16926794821614
1.34655456217143
1.36796665061071
1.35197045226719
1.34159089619498
1.34200770459958
1.33377459099053
1.337366818305
0.254211986389876
-0.438727514805679
-0.289118700025469
-0.447120051778993
-0.0663170700511119
-0.492671005965018
-0.520611189745973
-0.493768832209287
-0.488313745108331
-0.489466109834334
-0.479202667006642
-0.273367139784205
0.178245231440349
0.419870820673888
0.292622799427767
0.549732774885659
0.618157278959446
0.770799079817053
0.781191508898699
0.778321586038783
0.78198083046891
0.825547004338184
0.876540076108552
0.933567547071046
0.558276113739752
0.922534532098705
0.993789438822659
1.06786052044494
0.685689543200696
0.543418067522242
0.497332121756841
0.46207299548364
0.462253036718738
0.431381737698239
0.397747586091744
0.253477203263724
0.371504125789789
-0.182410130684132
0.377260753599555
0.558583065049695
0.713306729073185
0.64674706688443
0.720141536858194
0.787617233743006
0.807090411753186
0.834497049610674
0.848294978523475
0.81501355715525
0.819407799625355
0.964255285929199
0.554483568310473
1.05991047808807
1.32837350701761
1.40154136319596
1.432610569545
1.46514755338955
1.46875505206167
1.45767566004551
1.4199753194557
1.42804821973143
1.52106306404973
1.20416041062464
0.950241553988261
0.490647083570753
-0.245174578826179
-0.337203333611382
-0.458369460664013
-0.590778787306334
-0.655864938588295
-0.524169769010982
-0.522753255304686
-0.190863515083671
0.125109777699681
0.446460090676337
0.799111908312652
0.666866209114226
1.09699188964125
1.06184827438123
1.11477096257744
1.07735464385074
1.09877043155379
1.08798640577196
1.11803732953813
0.866438635287199
0.503295567093038
0.459337151119759
0.129215037582856
-0.438542082927829
-1.17870216377677
-1.27793283391957
-1.56014890237172
-1.60645722579048
-1.65225596807031
-1.86694379351674
-1.95097746300992
-1.99111780269598
-2.46381990031729
-2.59706093281258
-2.70578503405565
-2.19174370193331
-1.58551404672264
-1.08619791682556
-0.808702883604636
-0.755635894958151
-0.715125243710914
-0.635562561200683
-0.469492488689956
-0.237113713087344
-0.043126491918485
0.0377742400276696
0.386254602680149
0.263803877163816
0.21587628731822
-0.109828124121451
-0.283762532361967
-0.273802894839758
-0.293380848330227
-0.359702947856485
-0.42060925169633
-0.697146868025677
-1.00751917418154
-0.862436783649868
-1.09943372098988
-1.51257535933842
-1.75651806415321
-1.37282185311566
-1.12336451685439
-1.04293173196849
-1.03136133528239
-1.02649092558049
-1.14241789242084
-1.13523893689819
-0.674424019541994
-0.761490160615945
-1.04115543852674
-0.983729096690131
-0.861438191582708
-1.09917382433698
-1.22830388101001
-1.23429632021105
-1.22465213344161
-1.15308018398029
-1.03300954942714
-0.850209080736668
-1.3868454263353
-0.736590611772377
-0.446773680232332
-0.518693541987127
-0.367986467493347
-0.341243394591633
-0.182787818206421
-0.153621481344283
-0.141602664838028
-0.202537698125244
-0.285500968827566
-0.477938305142457
-0.40695223158917
-0.563649690705361
-0.882495105514265
-0.292564041347175
-0.354338753197189
-0.38156414692015
-0.474337214631642
-0.46418239650869
-0.463093990708799
-0.466433087170837
-0.425959456586014
-0.222348863410075
