x
-0.64998504113298
-0.378674405052679
0.331275057143964
0.416982825338842
0.166102387740406
0.239300784767441
0.115462303271744
-0.126320236027502
-0.193995380490118
-0.253613681247252
-0.310919367239958
-0.362472685145156
-0.271376473505792
-0.223044301054106
-0.150368244443339
0.278118474914054
0.0260616697566674
-0.171085552085224
-0.228969696172177
-0.286748761772669
-0.343007985769288
-0.395888648030858
-0.446292018634841
-0.352974564357732
-0.206071870208076
-0.163836497368427
-0.18268720669034
-0.243518835640089
-0.0748891547620861
-0.141672159432195
-0.4239360285214
-0.514423157441582
-0.563740816925078
-0.608966428880201
-0.653494670791033
-0.697203266907749
-0.739483232423264
-0.545559445057724
-0.469014219191029
-0.328490036513525
-0.577923746582836
-0.749058199011072
-0.777275041146023
-0.80396111745418
-0.829426077779439
-0.851301251831347
-0.87106722680073
-0.889126335481176
-0.878454646121779
-0.903914587457608
-0.511142267518156
0.080377593897932
0.584960394876339
0.614101025587341
0.501803172740709
0.214754711942212
0.0962662745158735
0.0347826857445319
-0.0263454590440421
-0.0871583636179238
0.0607019550576786
0.403500273007848
0.615772490910596
0.85941208019536
0.915134733892631
0.893727789138998
0.874046667316614
0.677418933637602
0.429372780002991
0.348246390458322
0.278081790329473
0.448791022484335
0.557963804576893
0.614394788908942
0.708794162665095
0.848187022677689
0.897011687431125
0.912213783329263
0.776575911492227
0.512712349913694
0.615808777090116
0.356221566296441
0.270535431437442
0.204820156961928
0.143605824884766
0.0978919003447365
0.502460468102049
0.595351957431769
0.324250652890605
0.278112452681048
0.351504142707191
0.0606489879746445
-0.033228442615371
-0.0963431276887581
-0.158615840307066
-0.219243649192817
-0.433995646338126
-0.47179492932553
-0.40702926631415
-0.166384326679119
0.231291105796708
0.176580488284341
0.114363994436862
-0.0866550916708412
-0.187423617508954
-0.252344146149026
-0.314556400729584
-0.371372200631729
-0.412862113305921
-0.464147779005872
-0.400592828821649
0.504415475729935
0.945213635473301
0.86065749767079
0.723422479382859
0.556621514947136
0.454644279824387
0.356983927231082
0.261670508682962
0.257697949440857
0.440841523192732
0.310192718197778
0.423792968400488
0.392511617134967
0.588899041201569
0.518117220889546
0.322988106452867
0.157483716805839
0.072390748394363
-0.00553253331180637
-0.0802862088818673
-0.148987364323517
-0.158905049748931
-0.215256434510701
-0.140000523473467
0.416847801759455
0.411462462034507
0.295010221486929
0.106919214573897
0.0172618978742303
-0.0588891859888425
-0.132246884322336
-0.20221052792159
-0.270357687334689
-0.39896901582852
-0.185424274645425
-0.0532132964433278
0.271996135586566
0.180914317425563
0.106842114562546
-0.0510143103744414
-0.14238954036609
-0.213318180631879
-0.279596711863671
-0.342182162912762
-0.399909677278051
-0.451616459889534
-0.466590601824799
-0.377267868910334
-0.422151776967259
-0.560423108386444
-0.644594005391611
-0.684668359575759
-0.723989135802729
-0.76247610894343
-0.797031260348028
-0.829041757443877
-0.85400017737537
-0.868408310941231
-0.784875493298851
-0.718880486345668
-0.535593717046033
-0.495904584095529
-0.486457793796607
-0.444805762362296
-0.588339504943281
-0.663737333170933
-0.699509588652724
-0.730815039508346
-0.73854864920616
-0.643962659123825
-0.755838328446649
-0.731173539044233
-0.570740272093276
-0.353936643411063
-0.372658739601747
-0.422523107848013
-0.55107522394224
-0.632155275910473
-0.675438929295718
-0.714729618759019
-0.747800159692635
-0.669803836205334
-0.617175714350124
-0.389258686219949
-0.158946955742244
0.05759726378565
0.0394034609272342
-0.0448892497034083
-0.122629753014798
-0.208538132278438
-0.301615097869906
-0.364500607200084
-0.412645800136112
-0.435566636860675
-0.173765010879293
-0.108086906005788
0.0813432014143562
0.0701640458919762
0.0231571746378512
-0.045807199386128
-0.133203406385565
-0.220186470057957
-0.301599837074566
-0.360481712550818
-0.408682034469218
-0.437766443114305
-0.37916902274563
-0.455540530806038
-0.488180073718756
-0.474013188968374
-0.539582511409796
-0.606097767936373
-0.669151640656097
-0.71222282292896
-0.744283063421344
-0.773700774862996
-0.798215108561275
-0.746941663412425
-0.7563885423972
-0.617295634103019
-0.49273420754523
-0.470711702589784
-0.513665585223161
-0.59121544129099
-0.655415261197858
-0.705186363479104
-0.73437648812016
-0.756716804312917
-0.773846430361596
-0.679775161049495
-0.634764272093812
-0.594621174176019
-0.572493748517924
-0.508929890081675
-0.530404933791608
-0.571116102768298
-0.632693057309299
-0.682657681400703
-0.730067704020472
-0.761690386627
-0.772096001213926
-0.792696028521967
-0.809659501851637
-0.732243768382473
-0.665869251100413
-0.619649989298591
-0.638339265417552
-0.668570210009998
-0.714317047436154
-0.755295767117459
-0.797146749038854
-0.826789210702766
-0.845846362311686
-0.674909137717318
-0.58321956265763
-0.587795286504675
-0.517186992314791
-0.388648877984059
-0.295137678453572
-0.36529886703297
-0.448425606366893
-0.525060253740824
-0.570748815456466
-0.612578835702145
-0.652344462536767
-0.683774810770363
-0.691551309292007
-0.513110052132526
-0.28789564609418
-0.285876224582878
-0.285216697588629
-0.322520046370379
-0.406799187987322
-0.486217461583644
-0.549768337119276
-0.587655795530154
-0.62125445953086
-0.441354659374301
0.768939659233011
0.811572867345815
0.780978389289227
0.780248512160722
0.756896050093513
0.722979676871703
0.621160952162072
0.503780443490892
0.390706643804543
0.297465143771718
0.219278686647355
0.152035418180439
0.126833900055969
0.160451478213316
0.584484211022673
0.54810588349335
0.521657073042621
0.465404846755874
0.368627555709296
0.254925550973298
0.158148172102541
0.0715008248130111
0.0146614824691419
0.206301857829709
0.205904965310267
0.210620441158305
0.213072991550939
0.272728970366989
0.272446779891911
0.234032353130599
0.147719862459552
0.0623727933320761
-0.0197987874525284
-0.0929329290640996
-0.0748014876988693
-0.0864834894526635
-0.055404036979659
0.20521079049095
0.216266933403419
0.219356691763874
0.1786225771939
0.105348855536189
0.0443844313300371
-0.0312551787449973
-0.108002014288962
-0.176096291971014
-0.218869698670736
-0.242852566657726
-0.234622149184611
-0.199632121959544
0.277451690314783
0.298876038875824
0.266762923735992
0.197970501954154
0.126448905094013
0.0474056462412893
-0.035435884458157
-0.110121073178814
-0.172448304004202
-0.224536074459574
-0.23641024320298
-0.0198592882015202
0.0942907596635337
0.435233625072778
0.499545782739868
0.454950380981741
0.416427992945447
0.360515012765525
0.26773485029231
0.174227687894915
0.0910089408667511
0.0238309765256468
0.0129419804693858
-0.0505025913072749
0.0414851848366383
0.0897773484970456
0.0449187279544612
0.00077074286613178
0.0417241343456565
-0.0245864906548435
-0.0787943402148428
-0.14363173740161
-0.172275826851089
-0.120404443387087
-0.0522104628629138
0.0484850627999841
0.0313106752492179
0.210673463721242
0.270121611886418
0.236086332397329
0.187287988085566
0.118472385456528
0.0504457076721849
-0.00696607400445732
-0.0676531456604249
-0.119087700273994
-0.117356483914064
-0.088615866001682
-0.129118835337974
-0.182146265057605
-0.231015466476421
-0.279855655669102
-0.331025071976412
-0.384516513394385
-0.437966293636657
-0.486578791824795
-0.530503556253735
-0.570925670491524
-0.609011751474556
-0.643697973355903
-0.662579423869838
-0.539608337512369
-0.531081922865521
-0.518281210079729
-0.537650891577653
-0.597121810237175
-0.654123255488657
-0.68035593396403
-0.628553819457151
-0.601217921215541
-0.637715852172025
-0.58584522108758
-0.442070617206935
-0.447836184654935
-0.471423534135078
-0.527649734990828
-0.589031182135425
-0.644923773221746
-0.67833910106395
-0.689523079763264
-0.693249667803383
-0.717969596088399
-0.73905368080814
-0.73244213509595
-0.710036567897942
-0.756807159371245
-0.787234015560498
-0.76869801903978
-0.783160291864419
-0.801351024107147
-0.820044618863482
-0.83759922505405
-0.852126552681101
-0.844320871729179
-0.796319970667345
-0.80122410943368
-0.704257256729705
-0.688508542437629
-0.707923159723028
-0.752345890838538
-0.79719082981265
-0.837470216486537
-0.813565760319835
-0.666328903602436
-0.516281458442036
-0.465103950694867
-0.474370064431119
-0.450781754637037
-0.457626601213052
-0.476215146756727
-0.522616013568251
-0.522246818981909
-0.559370703955087
-0.6209892129442
-0.679040695647963
-0.729972219571069
-0.75549798594872
-0.77067351054996
-0.72922156002433
-0.739071632368135
-0.518162840352175
-0.454013378620806
-0.486631716322422
-0.542796955005916
-0.601153425284498
-0.656241323176678
-0.690402322921854
-0.717567224268312
-0.738085195220671
