x
-0.623245395498781
-0.568521122574253
0.130399683423667
0.34605616556319
0.278783596381294
0.260634532750364
0.213425371723318
0.135123580020552
0.0564579804288986
-0.0223694139549878
-0.0970456637934624
-0.167067106929137
-0.232288320444883
-0.287169204961185
-0.116510905845137
0.403620715719342
0.34298551663275
0.269054238434312
0.192777703612661
0.113297690878685
0.0341786996460546
-0.0448857412504282
-0.118395600083281
-0.175960959883944
-0.21025546388346
-0.217186715445704
-0.223059605810884
-0.201615614241099
-0.128036739618384
-0.161494588548824
-0.230782861356813
-0.300749777195704
-0.370704572308974
-0.440002185730692
-0.50945541170102
-0.578376675867905
-0.645991105881405
-0.678236303738735
-0.709668494610223
-0.728914979471164
-0.787578473131712
-0.820522871871747
-0.845034032117024
-0.869753550160182
-0.893182028232355
-0.902766698232959
-0.906176252508849
-0.909366515605166
-0.909657812254438
-0.911249064162485
-0.86751753766799
-0.0249470614199459
0.965892068424976
1
1
0.965378900122907
0.885841402456798
0.804727725171768
0.723779022111181
0.642065342709194
0.578194093207874
0.629253259569912
0.857725295883621
1
1
1
1
0.999911730007455
0.95540700129086
0.873313932340674
0.791548245013533
0.762135599443896
0.919132918700006
0.9365931150174
0.980957638250287
1
1
1
1
0.978571753944108
0.912854098188632
0.831756901613911
0.751110659837602
0.673732157401624
0.598951700348572
0.530003153743196
0.529253424351716
0.524094480949407
0.457841607704862
0.391077904309806
0.331462032358808
0.254156523785537
0.175485742744118
0.0966541988676432
0.018011614740787
-0.0590470684854224
-0.12905493163547
-0.190263321286265
-0.220882313715218
-0.0413222775765147
0.529256467610969
0.532978858879867
0.472047371683021
0.392836042634644
0.314178153320841
0.235287511756765
0.156642581053508
0.080702125042816
0.0112714753279201
-0.0549962387793343
-0.0943589856339788
0.570302936664585
1
1
0.998720061896798
0.945822405512684
0.864729621320008
0.782613649694747
0.700645421944618
0.655392094779472
0.765942056537245
0.7026262300348
0.701185858193468
0.707366922340204
0.947207707440914
0.894491244305642
0.820393129133002
0.739737397030082
0.658077221736415
0.576293959501118
0.494336055965022
0.414001714734742
0.342023560436018
0.281264312661729
0.235815690032439
0.633931635394545
0.732038750619572
0.717088760857797
0.640212621949991
0.558750818158006
0.476800381095149
0.395784316092765
0.317104279158859
0.23930019350809
0.162707310511575
0.198393318658597
0.336314421551047
0.636487851093067
0.606741706433479
0.536839278117843
0.460216056577542
0.38078605645665
0.302103849094316
0.223207242570168
0.144562307224651
0.0667582309443694
-0.00881619697366565
-0.0729831569554743
-0.106232890894804
-0.153553349156777
-0.219160809010497
-0.285906921507391
-0.3392120402168
-0.385986720880095
-0.432603923880908
-0.485869887449376
-0.548799365729752
-0.610483900465435
-0.667768161673148
-0.697328421165343
-0.692861645987387
-0.608215404039142
-0.570956294251577
-0.560232100270664
-0.556720329793879
-0.612534534947916
-0.664635318259421
-0.717529198444521
-0.774045933291693
-0.810998212568757
-0.810153445064577
-0.831930272151334
-0.840700628558764
-0.586022521257547
-0.334353079647801
-0.324564998875703
-0.352118445971268
-0.396796470592976
-0.45364265067666
-0.515970568717132
-0.576178721632313
-0.631824823033991
-0.649839964860672
-0.650099301729522
-0.545544468255727
-0.355851579429523
0.115114088533376
0.129776668249011
0.0800243344683766
0.0277272240333662
-0.0371153495731834
-0.109812140315529
-0.183917198417656
-0.250177593842558
-0.294029231730169
-0.153672486124743
-0.106988955128851
0.214775815781803
0.256616266446374
0.205066508099105
0.141217392033205
0.0742524115975902
0.001724231688528
-0.0756760147488465
-0.146445929960441
-0.212049294997078
-0.262984598496907
-0.2933158033372
-0.34928730317745
-0.401089467083073
-0.444181496242268
-0.500853335998334
-0.55584924454474
-0.613950518345389
-0.681069475577764
-0.748930519070742
-0.802495338413492
-0.828860936108481
-0.846366690818239
-0.865535185509057
-0.836915938183796
-0.802007917718093
-0.807384661360843
-0.826657865833854
-0.85133009481977
-0.876022027200742
-0.897842627024776
-0.904047283673511
-0.907388122423485
-0.909496709072958
-0.876463617658318
-0.877813321501648
-0.87141190626826
-0.832398439975016
-0.74716966218694
-0.758454618530085
-0.786117169672181
-0.814145795007153
-0.838757248386425
-0.863478967903125
-0.887522625026025
-0.900798976446173
-0.902431730813403
-0.904430715445704
-0.899340167878947
-0.886673437434937
-0.863057646390361
-0.881778499437851
-0.898582971449296
-0.903145628820697
-0.906408274828232
-0.909690704922327
-0.912828334957318
-0.915944319316556
-0.776355051963491
-0.655234634067993
-0.64805734029135
-0.555266626358526
-0.37611014664222
-0.371729297189257
-0.400110256251133
-0.441851016018214
-0.489220073454091
-0.540209985533235
-0.593622278076202
-0.639719496604945
-0.676890694283815
-0.702612555724101
-0.671245280087042
-0.540400738871539
-0.472230818319196
-0.437515813949615
-0.42100872760976
-0.471159812858899
-0.527658894524256
-0.588636364207854
-0.645372867957527
-0.693053023150853
-0.543816704882029
1
1
1
1
1
1
0.996054780600834
0.933529469414949
0.851190407285769
0.768767069914637
0.696003956237029
0.637430690979428
0.617420792004997
0.61729735947291
1
1
1
1
0.997231028671596
0.942418852217364
0.865351151659245
0.784917381303352
0.722288988736878
0.94301414261248
1
1
1
1
1
1
1
0.980734275744326
0.907926977896879
0.837250598376015
0.894546669621809
1
1
1
1
1
1
0.999998919385062
0.96476160851081
0.892586216281491
0.816815607664565
0.740340154070373
0.67828972698515
0.62995872096069
0.600659052919511
0.614294823154883
0.989420278992296
1
1
0.990480179565191
0.932260904676513
0.856856813824693
0.776541202393665
0.693106821569852
0.616371661904858
0.555895095887651
0.5173259341483
0.541269305393806
0.696060578138663
1
1
1
1
0.999461499229648
0.951804199794483
0.880604328961066
0.813312589309101
0.770875752332212
0.739485084679218
0.685949527996615
0.765160433395794
0.831190881183132
0.799574913678951
0.754685834901574
0.803604850194435
0.750136927087237
0.683696190526082
0.616551900395586
0.56628238963551
0.586187100159175
0.605334939948247
0.770966003022305
0.8122833922132
0.945335043017469
1
1
1
0.995073505725588
0.955032767745965
0.910356341952946
0.862845156615825
0.820202043400294
0.79789058045618
0.7666053116802
0.726693062169477
0.684111172452701
0.642884343951697
0.599658334831053
0.552245768975036
0.502742055548615
0.452586775845742
0.405527502644181
0.360971207189055
0.316084141605045
0.256936711698046
0.20053089141867
0.149755322923173
0.244124293284439
0.289556190047887
0.3111990580081
0.280017467792307
0.205117947949198
0.125292269106002
0.0531061659795961
-0.00117024021277024
-0.0481426115129657
-0.101735004193807
-0.0845267617416534
-0.0370721019362898
-0.0750671875239266
-0.10309621819696
-0.157355715903367
-0.213882260361468
-0.271560101603165
-0.328648897664766
-0.383568852134083
-0.434271798190647
-0.484826364167557
-0.532250551976443
-0.569303990167436
-0.593382794420154
-0.620607426165098
-0.64449940520508
-0.643702843142391
-0.667221151941327
-0.694640546325213
-0.724160484858254
-0.752100707724339
-0.778114776974069
-0.79696543402309
-0.788024104245192
-0.809338150752554
-0.805301891651051
-0.800399775946485
-0.816874269581512
-0.841037073764381
-0.866091682375934
-0.890254905683947
-0.885971294070238
-0.761616670914012
-0.534853724164333
-0.500830312667486
-0.476815317569376
-0.38731784763555
-0.365881310847387
-0.370508870665511
-0.395628606787425
-0.413129684269912
-0.44020605057323
-0.470295931709348
-0.501754622715641
-0.533106188632105
-0.563612745904777
-0.592219418992162
-0.60903055733024
-0.629933599887167
-0.450668993212575
-0.294979383691644
-0.309661163106392
-0.338235016018214
-0.368390833148637
-0.399259957193421
-0.432983821240757
-0.463781162107016
-0.492750985472789
