x
-0.650280226033383
-0.377066977015342
0.330135173675935
0.415432619567488
0.200709973505247
0.253000855637755
0.114893002361052
-0.126920929844973
-0.194605351898519
-0.254228989296748
-0.311525758995362
-0.350551595120956
-0.246685828436284
-0.0782627866864893
-0.0539123643531233
0.334421069574127
0.0840778219964581
-0.119495749281806
-0.178657626546375
-0.236436884635821
-0.293910853049626
-0.348738951525647
-0.401561505411995
-0.308167355278613
-0.157600717330496
-0.113357594852453
-0.122083737640533
-0.172570412777647
0.0353497298754286
0.0111746771522544
-0.282234024140891
-0.366443576864246
-0.442802389655479
-0.492578484398152
-0.540006018264543
-0.586256807204807
-0.630721347034984
-0.433410290716484
-0.342243783256655
-0.169278787206865
-0.429086185480851
-0.617293044457609
-0.662719206795422
-0.706066065221251
-0.738420183173738
-0.766449267332808
-0.793450954115148
-0.819225513660789
-0.57464916552735
-0.703627843100578
-0.386098155781042
0.151898915756852
0.621576575976693
0.64998628893775
0.564388881669307
0.273797363393498
0.12106227050786
0.0590903118658092
-0.00227615938705623
-0.063632386686667
0.097256818673572
0.446346335831829
0.662712311450917
0.867927147496948
0.923150265138446
0.901637485082547
0.883026954333355
0.684483082047525
0.436817171363183
0.355695039224733
0.285532049190196
0.461263958344498
0.576848569374542
0.669743417706654
0.739310760851582
0.869566858197498
0.908623253405798
0.924407981896622
0.788323402365028
0.545084691676936
0.757861789693944
0.45037108356818
0.314132277950553
0.227078451105736
0.157773160325982
0.132227359614328
0.533311601634728
0.625114237386891
0.358484088024117
0.305154646483459
0.378526143535481
0.0873516577509625
-0.00674418433873805
-0.0700158518828614
-0.132286337886992
-0.193190035062179
-0.375851253624984
-0.358274792053088
-0.31204016924705
-0.112408601834898
0.314579154847042
0.265373287088876
0.203234172030836
0.00110840657866113
-0.101506381275987
-0.167349835660528
-0.231853251654364
-0.289123855054098
-0.246663272001544
-0.328346075322667
-0.311621728578702
0.598500424972957
0.953835552380618
0.869748095576894
0.777612229756078
0.594821553813909
0.463962762070669
0.366200652560684
0.270932636267175
0.280092953577154
0.500118246113884
0.375260291902519
0.465721391835255
0.431584780883733
0.63743119327178
0.571262186406915
0.37897039968032
0.212192282548724
0.12623520655399
0.0473764281845739
-0.0282286691072675
-0.0988142106986266
-0.0716286611920643
-0.0473421182684038
-0.0233841503604323
0.505222084495751
0.500391442878703
0.38470044514807
0.195599663977846
0.103738523210086
0.0260039161718714
-0.0495421620590858
-0.122261782091665
-0.192043368483307
-0.330742171547777
-0.0655443804668171
0.0619304916859896
0.388702753401784
0.294813185701934
0.253190791221368
0.0907469828008802
-0.0377494097213908
-0.11280383073488
-0.183497387494102
-0.248260632709594
-0.308884579105987
-0.362761406828334
-0.376856903437338
-0.275002637334852
-0.320490831516203
-0.456886664533282
-0.546694640808426
-0.588643497716502
-0.630398082367418
-0.672862657913177
-0.713655367162168
-0.749682860696802
-0.780587274714063
-0.794280039457648
-0.704967636449429
-0.639648376666084
-0.377027026715294
-0.333975735925784
-0.325017048502663
-0.284998935658134
-0.436746468572463
-0.520180452293782
-0.564726749844117
-0.606971333056915
-0.624474023287977
-0.541766850312412
-0.647392864570685
-0.637183990437776
-0.45400910911232
-0.226080502098681
-0.242713979247357
-0.278951126546563
-0.390638983977756
-0.507454249765277
-0.557822527171333
-0.601831596624026
-0.642621721311704
-0.551690114689147
-0.507851136218258
-0.246108994846527
-0.0344108839692674
0.200017638291925
0.180984807782227
0.109563489310961
0.0580669417892317
-0.0376142311071789
-0.152046342215954
-0.244298857586731
-0.297959041363822
-0.31300710526167
-0.0203561431478685
0.0199096077532756
0.171125038888961
0.157114612742196
0.1065228672631
0.0340000218166325
-0.0559436702889272
-0.146027858746595
-0.23114526767794
-0.293803748519479
-0.344050203398326
-0.341113541261146
-0.308549112027373
-0.38091521878269
-0.393564008666946
-0.376292841810084
-0.44679828854186
-0.518409301228878
-0.587453847582418
-0.649233876604776
-0.692888076108856
-0.728833790956822
-0.759173535836222
-0.69433325984626
-0.69463826166398
-0.562303223243443
-0.423479794909474
-0.391565603264116
-0.429152798601133
-0.510147771724689
-0.582078821345495
-0.640518101791819
-0.677186701886421
-0.70552790574889
-0.725178902077888
-0.571140482382108
-0.516239045112382
-0.520123011680788
-0.486926201959818
-0.4316477496903
-0.454952406919808
-0.492150536908922
-0.54624347881151
-0.597039474450939
-0.651236997890545
-0.701910349798189
-0.679678931330176
-0.660577914047472
-0.698460029263007
-0.641294797180918
-0.599398816998845
-0.533122686042357
-0.558616759475971
-0.594135964057007
-0.643353321081121
-0.68739405545538
-0.731916896159422
-0.76463346575354
-0.787159530472765
-0.553849661983654
-0.422835327008753
-0.427196167814747
-0.371958425517874
-0.249600296404805
-0.155608430463455
-0.228181477750141
-0.315730993462661
-0.399613603212311
-0.451159195569274
-0.498776819738634
-0.543228380270795
-0.578660532448766
-0.547864298712358
-0.37286330741408
-0.147260523066508
-0.139431999975208
-0.138408832302018
-0.179424108286122
-0.269765307760998
-0.355017153002843
-0.425201121762255
-0.471460111343185
-0.51226978721277
-0.330622533573475
0.817597771863645
0.855073822135897
0.824888694132328
0.814267242964894
0.791248092403718
0.760204390933801
0.657580095726248
0.538987687097768
0.425281398398085
0.331336454486374
0.251850736657532
0.189414126243864
0.202807755825011
0.224817514877937
0.634470215077502
0.601548576740091
0.578540778073196
0.523580345596292
0.428851740638817
0.314642257129297
0.215573556347148
0.125902039400774
0.068604611255658
0.270221081730937
0.253284576858031
0.292264249446343
0.31097936234943
0.384617031898503
0.387965547850299
0.348093058264091
0.258170330221647
0.167763650995526
0.0803667430913578
0.00578442260414003
0.0210404428901237
-0.00278341965979743
0.0361331482209208
0.299706567504987
0.305817020504015
0.305102831424189
0.256928800350849
0.180760711770915
0.118101107142604
0.040320891963628
-0.0392292205675184
-0.112556802108618
-0.137596111289531
-0.144931006048723
-0.177813439034872
-0.131994386411497
0.371761329314331
0.38081502914081
0.349467059174534
0.286463071637085
0.244574253056822
0.160711917367442
0.0755824496127
0.000857731324636945
-0.0723758856073558
-0.140604096936476
-0.150197268872951
0.0715890590199878
0.191672681534726
0.539030062202708
0.576172457527936
0.532854714340552
0.497423312451344
0.443065757534093
0.353290074091585
0.260484953670358
0.177752718294393
0.107885936956742
0.101597913258647
0.0392633409040626
0.143809013340603
0.201421293370875
0.156835416633789
0.11272615774431
0.14766889573584
0.077628781961725
0.0220791684272959
-0.0421789428252483
-0.0466493390378077
0.00320033318349519
0.0560558651789288
0.154395274939503
0.135624549513988
0.29827529648858
0.336103942450868
0.299956842463664
0.24939335897122
0.177541557296524
0.105547062691139
0.0470703823301664
-0.0135367937218196
-0.0652927025182841
-0.038275742743302
-0.0011171054707853
-0.0458951763743398
-0.100453159203256
-0.153449165035124
-0.207144358440094
-0.263316518837563
-0.320710290018679
-0.378283333606921
-0.431316898879459
-0.479161483408402
-0.523494352002783
-0.56355649442994
-0.59802127460668
-0.602838069219767
-0.488303575407068
-0.484904290442112
-0.468000235295184
-0.485689943548129
-0.547927336268984
-0.60737851200888
-0.575454175603741
-0.52468231634362
-0.503575331009239
-0.543797284130409
-0.517359347177171
-0.376233706809919
-0.386725516961308
-0.4120271458965
-0.465006765846178
-0.525751363321989
-0.58538515188883
-0.633950751910423
-0.645765473472703
-0.648735130398637
-0.676053012117377
-0.698389838949685
-0.680205122616584
-0.620625433640191
-0.671055620712134
-0.707703826707304
-0.708410926847917
-0.732108074067393
-0.753890233675285
-0.775607785372881
-0.79616454182292
-0.813294138952479
-0.785444593896153
-0.675506383873115
-0.705462806126054
-0.62607878032968
-0.625877213577869
-0.646415325087311
-0.692494699092367
-0.740097611709735
-0.784504446313294
-0.759008651956699
-0.615888772162088
-0.473417217186693
-0.422519886286065
-0.424757599379364
-0.389579775027687
-0.396020237089932
-0.417722404138744
-0.467240324172947
-0.468686967956563
-0.506099195215977
-0.569408298501664
-0.629432463210289
-0.683183774957531
-0.712905742503362
-0.715041293571687
-0.601300164116866
-0.625052728434871
-0.423361380707915
-0.331784220419769
-0.371982458113634
-0.435006987529764
-0.499665348113145
-0.559860957116303
-0.598171543411574
-0.630645734872955
-0.647171240479319
