Daily average precipitation [mmd] for each subasin, ordered according Map-IDs
Date No. of days Subasin-ID
0 0 123 125 126 127 134 137 138 139 142 143 144 145 146 147 148 149 150 151 152 153 154 155 156 157 158 159 160
01012019 1 0 0 0 0 0.2 0 0 0 0 0 0 0 0 0 0 0 0 0 0 0 0 0 0 0 0 0 0
02012019 2 0 0 0 0 0 0 0 0 0 0 0 0 0 0 0 0 0 0 0 0 0 0 0 0 0 0 0
03012019 3 0.1 0 0 0 0.2 7.5 0 0 0 0 0 0 0 0 0 0 0 0 0 0 0 0 0 0 0 0 0
04012019 4 0 0 0 0 0 0 0 4.1 0 0 0 0 0 0 0 0 0 0 0 0 0 0 0 0 0 0 0
05012019 5 0 0 0 0 0.7 0 0 0.6 14.1 0 0.1 0 0 0.9 0 0 1.5 0.1 0 0 1.3 0.8 0.2 0.4 0 0 0
06012019 6 1.1 0 0 0 0 0 0 0 1.8 1.2 8.9 36.1 6 2 32.6 17.4 17.7 41.2 0 28.8 0 36.4 0.4 1.7 1 1.5 4.7
07012019 7 0 0 0 0 2.8 0 2.4 0 0.6 0 0.5 0 9 0 0 8.5 6.5 0.1 0 36.6 5.8 0 0.5 0.1 3.6 0.6 1.1
08012019 8 2.5 0.4 0 0 4.2 3.4 1.2 8.9 4.7 0 0 0 0 0.9 0 0 0 0 0 0 0 0 0.8 2.1 0 0.8 0
09012019 9 3.6 7.7 8.3 18.6 15.9 1.6 13.4 9.1 1.2 1.7 1.2 0 0 4.8 52.7 0 0 36.5 0 0 0 1 3.4 8.4 22.2 10.7 6.4
10012019 10 17.4 5.9 11.2 1.9 11.1 13.1 5.7 17.7 2.1 34.6 19.7 0.8 0 25 10.5 26.1 15.2 21.7 20 18 32.8 6.1 24.1 16.8 19.4 18.6 25
11012019 11 0 0 0 0 0.5 0.2 1 0 0 0 0 0 0 0 0 0 0 0 0 0 0 0 0 0 0 0 0
12012019 12 0.3 0.8 1.6 0 0.5 14.6 0 0.1 0.9 0 1.3 0 0 1.5 0 0 0 0 0 0 0 0 0.4 2.8 0 0.2 0.6
13012019 13 13.1 0.6 3.1 0.1 27.1 7.7 14.8 2.1 0.6 0.2 2.2 0 0 0.2 0 0 0 3.8 0 0 0 0 5.9 0 0.9 0 2
14012019 14 4.4 0 3.1 2.4 0.6 12.4 1.6 0.9 0.6 5.3 5.3 24.8 0 5.5 5.5 3 13.1 5.2 0 5.5 6 27.1 6.6 4.4 2.1 5 2.9
15012019 15 48.2 10.5 18.1 10.5 34.1 18.9 29.7 9.6 21 19.8 0.9 0 0 23.1 6 0.9 1.6 3.6 16.2 0.5 0 1.3 9.3 12.9 7.7 12.8 26.6
16012019 16 0 0 0 0 0 0 0 0 4.9 3.2 7.3 0 0 1.8 1.6 7.6 1.2 0.5 22 4.8 0 1.8 0.9 11.1 2.2 11.6 1.4
17012019 17 1.8 1.4 5.4 12.3 0.4 10.2 0 2.7 6.5 1.7 29.5 1.4 63 2.5 0.9 17.6 7.1 4.3 0 17.7 3.5 13.5 9.8 12.8 0 5.7 1
18012019 18 35.1 41.4 33.1 18.9 21 43.9 35.5 11.7 14.8 38.8 22.8 1.3 32 21.5 7.4 5.6 2.5 6.5 4.4 2 0 8.2 21 7.8 7.2 3.1 34.7
19012019 19 9.2 11.1 5.2 21.7 27.2 5.1 23.9 13.3 4 5.2 0 0 0 3 0.1 3.7 2.6 0 0 0 1.5 1.3 1.6 0 0 0 0
20012019 20 1.5 0 0 0.1 13.9 4.5 7.6 0.7 2.1 1.4 1.2 0 0 0.1 0.6 1.1 0.6 0.5 0 0.8 0 1.7 0.7 0 0 0 0
21012019 21 0.7 0 0 0 3.8 0 0.6 4.2 2.2 0 3.8 0 63 0.2 0.1 0.3 0.1 0.4 0 0.7 0 0 3.8 0.6 0 0 0
22012019 22 0 0 0 0 0 0 0.3 0 0 0 0 0 0 0 0 0 0 0 0 0 0 0 0 0 0 0 0
23012019 23 0.1 0 0 0 0.1 3.5 0 2.2 0 0 1.1 0 0 0 0 0.1 2 0 0 0 0 0 0 0 0 0.1 0
24012019 24 0 1.7 0 0 0 0 0 0.1 0 0 0 0 0 0 0 0 0.7 0 0 0 3.5 0 0 0 0 0 0
25012019 25 0 0 0 0 0 0 0 0 0 0 0 0 0 0 0 0 4 1.9 0 0 3.6 0 0 0 1.3 2.3 0.9
26012019 26 0.6 4.7 9.9 7.6 0 0 0 0.6 0 1 1.7 0 0 0 0.7 5.6 21.3 2 4.8 5 32.6 5 0 3.2 13.8 10.5 15.7
27012019 27 11.2 35.1 1.7 9.6 5.8 3.3 5.1 11.8 0 2.1 0.8 0 0 1.7 1.3 0.4 0 0.4 1.2 0 0 0 3 4.1 12.5 5.7 3
28012019 28 9.7 2.9 8.1 0.3 10.8 7.2 9.1 7.3 0 1.4 0.4 0 0 0.7 0 0 0.7 0 3 0 0 0.1 3 0.1 0 0.5 0
29012019 29 3 0.6 0.3 0 5.1 1 3.7 1.7 0 1 0 0 0 0 0 0 0 1.7 0 0 0 2.1 0.6 0 0.4 0 0.9
30012019 30 0 0 0 0 0.1 0 0 0 4 10.1 16.6 9.3 0 2.2 22.3 30.9 3.8 13.7 0 2 0 20.7 0.7 5.5 1.5 3.3 9.9
31012019 31 0 0 0 0 2.7 0 0 2.8 1.7 0.8 0.1 11.9 0 0 0 0.1 0 0 0 0 0 0.2 0.5 0 0 0 0
01022019 32 3.7 0.3 0 1.4 8.2 0.6 4.9 1.7 10.7 0.2 1.7 0 0 1 0 0 0 0 0 0 0 0 1.8 1.8 0.6 0 0
02022019 33 0 0 0 0 0.2 0 0 0 0 0.9 1.9 0 0 0 0 0 0.5 0 0 0 0 0.2 0.7 0 0 0 0.6
03022019 34 1.3 0 0 0 0 0 2.2 0 1 0 0 0 0 0 0 0 0.2 0 0 0 0 0.1 1 0 0 0 0
04022019 35 0.6 3.9 8.2 0.2 8.8 3.3 13 1.2 0 0 1.3 2.6 6 0 0 0 0.3 0 0 0 0 1.3 2.2 0 0 0 0
05022019 36 1.7 1.5 3.9 1.8 0.1 1.4 0.1 11.5 0 0.2 0.2 1.9 0 0 11.4 0.5 2.5 8.1 0 0.7 0 3 0.4 5.6 2.3 4.9 0.9
06022019 37 5.2 18.6 3 5.1 3.6 7.3 0.7 3.5 4 11.6 25.5 0.6 40 6.7 5.8 15.7 7.5 11.7 16 18.7 6.3 14 7.5 22.9 36 25.5 8.5
07022019 38 12.4 2.3 4.5 8.2 1.6 11.7 1.4 4 6.9 9.9 16.7 0 0 1.6 6.7 9.5 9.1 16.9 18.4 9 10.9 10.8 17.4 13.6 33.9 26.6 14.8
08022019 39 0.2 0 0 4.1 0.5 0 0 0.4 1.8 0.9 0.9 0 15 0 0.3 0.4 0 2 7.2 0 0 2.4 0.9 2.7 7.9 4.4 3.2
09022019 40 0 0 0 0 0 0 0 0 0 0 0 0 0 0 0 0 0 0 0 0 0 0 0 0 0 0 0
10022019 41 0.1 0 0 0 0.2 5.1 0.8 0 0 0 0 0 0 0 0 0 1.8 0.1 0 0 1.6 0 0 0 0.1 0 0
11022019 42 2.8 3.6 0 3.2 27.5 8.6 36.2 12.1 0 0 0 0 0 1.2 0 0 0 0 0 0 0 0 0 0 0 0 0
12022019 43 0 0 0 0 0 0 0 3.6 0 0 0 0 0 0 0 0 0.2 0 0 0 0 0.1 0 0 0 0 0
13022019 44 0.4 0 4.8 0 0.5 12.6 0 0 0 0 0 0 0 0 0 0 0 0 0 0 0 1 6.8 0 1.6 18.2 0
14022019 45 52.7 20.3 12.1 37.1 58.4 33 50.4 29.7 18.1 38.6 51.9 62.9 52 30.3 94.8 42.2 26.3 74.9 48.6 35.7 42.6 29.9 28.2 29.3 24 26.7 15.7
15022019 46 0 0 0 0 0 0 0 0 0 0 1 0 0 0 0 17.3 0 0 0 0 0 1.7 0.3 2.6 0 2.3 0
16022019 47 0.7 15.5 3.4 0 0.7 1.5 0.7 1.9 1.8 0 0 6.9 0 3.8 0 0.1 8.6 1 2 0 5.7 5.9 4.8 0.9 8.1 1.4 0
17022019 48 8.2 0.8 0.6 0 3.3 0.9 6.3 4.4 11.4 2.5 0 0 0 0.2 9.7 5.7 2.7 7.4 1.4 3 0 5.3 2 2 0 0.5 1
18022019 49 6.2 16 9.8 14.6 2.9 6.4 0.4 33.9 1.4 8.5 2.2 1.1 6 0.5 7.1 7 1.6 10.6 3 1.3 2.7 1.6 5.9 2.8 3.9 1.9 6.1
19022019 50 2.3 23.7 22.3 1.6 8 28.1 6.7 26.8 2.4 2.3 19.9 4.3 7 0 1 9 10.7 2.7 5 9.7 2 9.9 13.3 1.6 0.5 2.1 0
20022019 51 0.4 6.8 0 0 1 0.1 0 0.6 0 3.8 0 0 0 0 0 0 0 0 6.8 0 0 0 0 0.2 0 1.2 2.7
21022019 52 6.4 4.2 2.7 21.6 1 13.8 0 3.6 0.9 4.8 23.7 46.8 0 13.7 0.2 2.4 0.1 1.1 0 1.7 0 12.8 7.7 4.1 0 0 2.1
22022019 53 23.9 17.2 5 18 9.7 9.4 16.1 5.3 0 3.4 15.9 14.2 0 1 2.6 2.1 1 4.2 0 0 0 21.1 13.5 0 0.9 0 3.2
23022019 54 13.8 4.2 5 0.1 9.9 6.3 14.3 4.7 3.4 5.9 3.4 13.2 0 0 0.4 7.2 5.3 0 7.4 0 0 9 12.1 4.6 0 5.1 2.5
24022019 55 15.3 16.2 17.9 16.2 17.8 28.6 6.7 12.2 19.2 31.4 6.7 5 39 3.8 15.2 31.1 13.1 18.9 13 43.3 3.3 13.8 20.5 17.1 17.3 16 15.9
25022019 56 6.4 5.7 0 0.1 9.3 6.2 8.8 8.5 0.8 11.2 8 0.5 0 2.8 4.3 1.2 1 2.8 0 0.3 2.5 2.9 3.4 4.1 2.8 2.1 6.8
26022019 57 9.5 0.1 3.1 4.5 5.4 3.8 4.2 8.6 1.1 1.6 0 0 0 2 0 0 0 0 3 0 0 0 0.4 3.6 0 3.7 0
27022019 58 6.9 0 0.9 0 6.7 5.1 3.8 5.3 5.5 8.7 0.1 0 0 3.2 2.4 1.2 0.6 2.2 6.2 0 0 0.4 2.5 7 3.8 3.8 3.8
28022019 59 9.5 1.6 9.6 4.7 10.1 12.2 14.9 1.9 0 0 0.5 2.3 0 0 0.1 0.5 2.3 0.7 0 1.1 0 10.7 0 0 0 0 0
01032019 60 0.1 0 0 0 0.2 6.5 0 0 0 0.7 0 0 0 0 0 0 0 0 0 0 0 0 0 0 0 0 0.5
02032019 61 1.8 4.3 9 0 11.2 0.5 7.9 10.7 0 0 2.9 2.3 20 0 0 2.3 1 0 0 10 0 2.2 1.2 0.7 0 0.6 0
03032019 62 14.1 19.1 18.5 16.5 15.2 20.1 19.1 13.4 1 24.3 5.5 0 0 16.9 3.7 9.4 4.4 1.9 2 10 0 6 29.2 9.8 0.7 3.5 8.3
04032019 63 1.2 4.7 16.1 10.6 7.7 7.4 0.8 4.5 0.8 3.6 24 11.3 18 0 0.6 4.6 1.3 2 0 3.2 0 5 6.2 3.1 0.9 7.1 0
05032019 64 13.8 6.7 0.3 2.1 1.1 1.1 0.8 2.2 2 1.2 3 7.5 0 3.8 0.1 0.3 3.9 0 1.2 0 0 14 1.4 9.1 1.1 10.6 5.9
06032019 65 1.7 13.4 6.3 0 1.5 8.1 0.1 8.4 0.3 5.1 2.4 1.9 0 2.6 0.5 4.4 2 0.6 2.4 9 0 2.2 7 5.4 1.1 3.6 1.6
07032019 66 0.7 7.1 13.7 0.4 0 1.3 0 1.9 3.8 0 2.1 1.8 0 1.4 0 0 0 0 5.4 0 0 1.8 0 2.8 0 1.9 0
08032019 67 0 0.9 4.7 0 0.4 1.4 0 0.6 0.9 0 3.6 11.9 0 0 0.3 4.5 4.4 1.5 3 11.2 0 6.3 0 1.2 0 0.5 0
09032019 68 0.3 0 0 2.9 1 0 0 1.4 1.5 0 0 1.9 0 0.4 0 0 0 0 0 0 0 1.7 0 6.6 0.3 9.1 0
10032019 69 2.6 1.8 1.3 2.5 6.9 3.6 5.6 3.3 0.6 5.1 0.6 0 0 0.7 0 11.2 0 0 15.4 0 0 0.8 0.8 0.9 0 2.8 2.8
11032019 70 0 0 0 0 0.2 0 0.4 0 0 0 0 0 0 0.1 0 0 0 0 0 0 0 0 0 0 0.8 0.3 0.2
12032019 71 0.4 0 0 0 0.8 0 0 1 1.5 0 2.2 0 0 0 0 1.3 3.2 1 0 5.3 5.7 1 6.5 1.2 0.2 0.3 0.5
13032019 72 2.2 3 5.7 1 1.8 3 3.3 3 0 4.5 16.4 8.8 5 1.2 1.6 7.5 8.2 2.8 4 3.3 8.1 10.9 16.4 3.9 12.9 8.3 6.3
14032019 73 3.6 3.3 0 0.1 0.4 8.2 0.7 0.9 8 3.1 6.7 2.8 0 1.1 0.4 6.7 9.9 0.9 0 1.4 10 13.7 5 12.2 0.8 17.9 0.2
15032019 74 21.2 4.6 0 46.7 2.8 0.1 5.2 0.7 18.9 4.2 0 0 0 27 1 1.6 0.4 4.4 36 4.7 0 0 0 12.3 8.1 9.1 15.8
16032019 75 0 0 0 0 0.4 0 0 1.2 3.2 12.4 9.1 0.5 4 1.3 4.6 5.3 0.7 10.3 0 0 0 1.3 4.8 0.5 14.3 2.1 14.1
17032019 76 0 0 0 0 0 0 0 0 0 0 0 0 0 0 0 0 0 0 0 0 0 0 0 0 0 0 0
18032019 77 0.2 0 0 0 0.4 11.9 1.8 0.1 0.4 0 0.7 0 0 0.1 0 0.6 0.3 0 0 2.7 0 0 0 3.5 0 0.3 18.1
19032019 78 21.9 0 11 5 0.7 8.7 0.9 0.8 3.7 2.7 0.1 9.6 0 8.9 0 0 0.6 0 0 0 0 2.3 8.6 9.5 0 0.2 2.4
20032019 79 2.2 3.5 1.7 6.4 4 22.5 2.5 13 2.9 1.3 4.8 0 0 2.5 0 0 0 0 30.4 0 0 0 1.4 16.4 0 18.1 0
21032019 80 2.6 2 0 0 1.8 5.9 0.6 1.9 4.1 0 0 0 0 3.7 0 0 0 0.5 17 0 0 0 0 7.3 7.7 6.8 1.6
22032019 81 2.3 2.2 1.5 0 8.3 4.6 12.1 6.4 7.3 0 0.9 0 0 0.1 0 0 0.6 0 3.8 0 2.7 0 0.7 5.6 1.9 1.6 20.5
23032019 82 4.6 5.9 0 1 5 10.2 10.9 0.5 0.9 7.5 2.8 12.2 0 0 3.1 0.6 11.9 0.8 7.6 0 5 10.9 3.4 0.3 9.8 2.2 5.4
24032019 83 1.2 3 0.6 1.5 3.5 9.5 1.2 3.9 5.6 8.6 19.8 46.3 10 0.1 3.3 24.1 39.2 6 14 24.8 4.7 28 2.9 6.5 1.6 2.9 1.6
25032019 84 0.1 0 0 0 0.1 0 0 1.7 0 0 4.8 7.7 0 0 0 0 1.3 0 0 0 0 8.9 0 0 0.2 2 0
26032019 85 0 0 0 0 0.4 0 0 2.5 1.9 0 2.2 2.9 0 0.8 0 0 0 0 0 0 0 2.9 0 0.1 3 0.5 0.9
27032019 86 4.2 0 0 0 5.6 3 0 3.4 0.3 0.9 7.2 0 0 1.3 1 8.5 0 0.1 0 0 0 0.5 1.4 2.6 5.4 3.5 9.6
28032019 87 11.3 19 2.1 17.5 21.1 25.5 19 20.8 1.3 10.8 16.9 17.5 46 2.3 5.7 13.8 4.9 5.9 0 5.4 0 14.2 9.4 0.1 3.2 0.4 7.9
29032019 88 2.7 23 28.7 0 11.2 8.6 8.6 13.7 0.9 4.2 11 18.3 0 0 1.2 16.1 17.2 3.3 0 25.3 0 11.3 12 1.8 0.3 0.7 0
30032019 89 3 4.2 8.6 0 4.7 6.2 5.1 6.1 1.8 2.8 0 0 0 3.3 0 0 0.2 1.4 0 0 0 0.1 0.8 2.1 1 9.1 1.4
31032019 90 7.9 6.1 0.7 12 21.3 13.5 23.5 11.2 18.2 2.2 3 24.2 10 9.7 1.6 4 1.3 1.8 3.4 2.8 0 5.2 11.3 7.3 0.8 9.7 0.2
01042019 91 41.7 23 40.5 43.2 12.2 34.1 5.3 45.3 9.8 24.5 7.8 0 1 12.9 5.1 7.6 4 6.7 14 11 0 2.7 30.1 17.2 6 17.1 19.1
02042019 92 2.8 19.6 0.4 0 6.2 2.1 3 6.3 8.3 9.2 0.8 15.5 0 6.7 1 1.6 4 1.4 7.8 6.1 4.2 10.3 1 21.2 0.9 14.1 3.9
03042019 93 1.8 0.6 1.2 0.3 3 4.7 2.8 1 0.7 0 0 3.3 0 0.5 0 0 0 0 0 0 0 0.3 0 1 0 0.9 0
04042019 94 7.6 3.7 17.1 4.7 9.6 10.7 14.2 10 5 2.1 0.4 0 0 3.1 0.4 0.5 0.7 0.2 0 0 0 0.3 6.2 8 2.3 1.6 1.5
05042019 95 5.5 1.3 0.2 2.3 0.9 3.9 0.2 6.7 6.2 12.1 2.4 1.6 20 4.7 1.9 4 3.4 2.1 23 8 0 8.1 6.6 5.5 0 4.1 10.8
06042019 96 12.1 3 12.7 12.9 1 4.9 1.1 4.3 1 7.5 2.8 19.9 0 6.6 1.5 5.5 7 0 0 16 10.1 3.4 1.8 5.9 0.7 9.1 2.9
07042019 97 8.3 6.4 0 2.8 5.6 11.9 10.8 0.8 5.1 12.8 1.3 4.3 7 15.2 1.2 4.2 10.9 2.7 2 4.3 12.9 13.2 6.7 0.5 0.1 0.4 1
08042019 98 2.5 0.6 0.4 4.3 5.7 2.3 1.7 1.3 5.4 0.3 0.2 0 0 0.8 0 0 0.2 2.8 0 0 0 0.1 4 1 0.7 1.2 1.5
09042019 99 0.7 5.8 6.3 0 0.1 3.1 0.1 2.6 0 0 0 0 0 0 0 0 0 0 0 0 0 0 0 0 0 0 0
10042019 100 0.2 0 0 0 0 0 0 0 0 0 0 0 0 0 0 0 0 0 0 0 0 0 6.1 1.2 0.2 1.5 0
11042019 101 0.2 0 0 0 1.1 7.8 0 0 0.7 0 0 0 0 5.4 0 0 0 0 0 0 0 0 0 1.4 0 0 0.4
12042019 102 0.2 12.5 0 0 3.8 0 0.6 1.2 0.3 2.5 3.9 2.3 7 0 0.7 6.1 0.6 0 0 0 0 5.5 0.8 1.8 0.4 0 7.3
13042019 103 10.5 1.3 0.5 13.8 11.9 6.5 13.8 11.5 6.1 7.5 7.9 0 5 10.8 1.7 11.9 6 1.9 0 19 0 2.3 1.5 0.7 0 0 3.1
14042019 104 0.2 20.6 1.5 1.5 0 0.5 1.6 2.1 0.3 0 0 0 0 0.3 0 0 0 0 17.4 0 0 0 0 4.3 0 6 0
15042019 105 0.2 0 0 2.2 0.2 0 0 0 0 0 0.3 0 0 0 0.4 3.4 9.6 2.1 3.2 10 7.7 8.4 0 2.6 1.1 2.7 0
16042019 106 2.2 0 0 3.7 0.2 7.5 0 0 11.5 3 0.4 0 0 4 0 6.9 0.5 0 0 4.7 0 0.4 0.5 6.1 0 0 9.5
17042019 107 6.5 0 0 3.2 0.4 13.4 0 0 5.6 4.9 5.8 0 0 1.4 0.3 5.2 1.6 1.8 4.4 2.8 0 1.4 2.2 0.3 3.9 1.6 1.2
18042019 108 0 0 0 0.2 0 0 0 3.4 0 0 2.1 0 0 1.4 0 0 0 0 0 0 0 0 0.7 0 0 0 0
19042019 109 1 0 0 14.1 0 0 0 1.2 0 1.7 3.8 0 0 0 0.9 3.8 0.6 4.5 0 7.4 0 0 1.2 3.5 0 3 0
20042019 110 7.7 2 0.7 8.8 10.6 6.7 16 3 4.7 2.3 8.2 0 0 15.3 0.9 0.6 0 0 0 0 0 0.7 4.4 7.3 0.2 0.8 2.6
21042019 111 5.2 29 8.6 3.2 5.1 10.1 1.7 7.2 9.5 6.8 16.4 16.2 0 3.3 0.8 1.9 2.5 1.9 27.4 2.3 0 6.4 7.2 0.9 7.2 5.4 2.6
22042019 112 5.3 8.5 1.4 0 0 0.8 0 0.7 2.5 0.3 1.1 0 18 0.4 0.3 1.2 0.2 5.7 3 2.3 0 0 3.9 5.8 3 4.2 2.9
23042019 113 0.1 0 0 0 1 4.1 0.1 0 0 0 0 0 0 0 0 0 0 0 0 0 0 0 0 7.3 0.3 9.9 0
24042019 114 0 0 0 0 0.7 0 1.6 0 0.7 2.1 1.9 3.3 0 0.2 1.1 0.8 4.8 1.2 0 0 0 10.8 1.2 0 0.3 0 1
25042019 115 4.8 1.6 0.5 0.3 2.6 2.1 1.7 5.1 3.3 8.3 3.2 1.9 0 3.7 2 6.6 5.4 5.8 2 17.8 7.4 2.6 3.1 4.4 9.6 2.1 5.4
26042019 116 0.8 0.9 0.4 0.4 0 0.2 0 1.1 9 4.6 4.9 14.2 6 0.2 1.9 15.4 16.4 3.9 9.2 13.1 2.8 6 2.1 2.3 7.6 5.4 2.4
27042019 117 0.1 0 0 0 1.1 5.1 0.1 0.6 2.6 1.1 0.6 4 0 0 0 3 9 0 0 12.6 29.2 4 0.8 1.4 2.2 6.1 0.1
28042019 118 0 0 0 0 0 0 0 0 0.6 0 3.1 2.8 0 5.3 0 4.9 2.2 0.5 0 12 1.7 6.6 0.6 12 7.4 8.7 8.7
29042019 119 5.8 0.2 0 5.1 0.5 0 0 1.2 13.8 1.2 11.5 11.2 55 7.4 0.9 4.1 0.8 9.4 13 7 0 8.9 13.8 8.6 9 5.9 5.6
30042019 120 5.3 3.3 1.7 9.8 2.7 8.3 0.9 0.4 0.8 19.1 17.7 14.6 12 4.3 3.1 20.2 7.3 5.7 8.4 10 3.4 16.4 13.4 4.9 5.1 9.3 16.6
01052019 121 1.2 3.7 0 6.8 0.5 0 1.6 1.6 4.9 2.6 2.4 3.2 0 2 1.5 4.3 5.5 5.6 3 10.7 1.7 7.7 0.7 6.4 1.1 3.9 2.8
02052019 122 12.2 7.3 10.2 3.2 12.4 8.1 11.8 10.1 18.1 5.5 0 0 0 5.9 1.3 1.7 0.8 0 2.8 0 2.2 2.6 7.3 3.2 0 0.8 1
03052019 123 0 0 0 0 0.5 0 0 0 0 0 0 0 0 0 0 0 0 0 0 0 0 0 0 0 0 0 0
04052019 124 0 0 0 0 0.1 0 0 0 0 0 0 3 0 0 0 0 0 0 0 0 0 2.6 0 0 0 0 0
05052019 125 0.8 0 0 0 0 0 0 1.2 0 0 2.1 0 0 0 0 0 0 0 0 0 0 0 0.7 0 0 0 0
06052019 126 0 0 0 0 0 0 0 0 0 0 0 0 0 0 0 0 0 0 0 0 0 0 0 0 0 0 0
07052019 127 0 0 0 0 0 0 0 0 0 0 1 0 0 0 0 0 0 0 0 0 0 0 0.2 0 0 0 0
08052019 128 0.1 0 0 0 0 0.9 0 0 0 0 2.7 0 0 0 0 2.4 0 0 0 0 0 0.2 2.9 3.1 0 2.7 0
09052019 129 0.7 0 0 0.4 0 0 0 0 2.4 0.7 2.3 0 0 0.1 0.9 6.3 3.6 2.7 5 9 0.8 3.5 0.1 0.8 1.7 1.2 3.3
10052019 130 0.5 0 0 0 0 0 0 8.3 0 0 0.4 7.9 0 0.1 0.7 6 3.8 3.6 0 11.7 3.5 1 0.4 0.1 4.4 0.8 1.3
11052019 131 0 0 0 0 0 0 0 0 0 0 0 0 0 0 0 0 0 0 0 0 0 0 0 0 0 0 0
12052019 132 0 0 0 0 0.1 0 0 0 0 0 0 0 0 0 0 0 0 0 0 0 0 0 0 0 0 0 0
13052019 133 0 0 0 0 0 0 0 0 0 0 13.4 0 0 0 0 0 0 0 0 0 0 0 2.5 0 1 2.9 0
14052019 134 1.2 0 0 0 3.2 1.3 7.3 0 2.1 0 2.5 0 0 5.8 0 0 0 0 0 0 0 0 1.1 10.1 0 0 2.4
15052019 135 1.8 0.2 0 6.8 0.9 0.9 0.9 0.4 8.3 4.5 1.9 0 0 0.2 4.4 0.6 0.1 0.7 0 1.1 0 0.4 2.5 0 0.3 0.3 2.6
16052019 136 0.6 3.3 0 0 9.9 1.5 9.6 1.4 7.9 1.5 0 0 0 0.1 0 0 0 0 0 0 0 0 0.2 0.8 0 0 0
17052019 137 4.8 0 1.5 0 2 0.4 0.3 0 0.7 0.1 0 0 0 0 0 0 0 0 0 0 0 0 2.1 0 0.3 0 0
18052019 138 7.3 0.7 2.3 6.7 1.9 1.4 0 0.1 2 14.8 0.5 0 0 7.2 3.8 9.1 1.2 0 5.4 0 2.5 0.7 8.6 5.9 0.1 3.4 23.1
19052019 139 0.3 0 0 3.2 0 0 0 0 0 0 0 0 0 0.4 0 0 0 0 0 0 0 0 0 0 0 0 0
20052019 140 0.2 0 0 0.5 0.3 0 1.2 0 0.1 0.5 0 0 0 0 0 0 0 0 2.2 0 0 0 0 0.1 1.7 0.7 0.5
21052019 141 1.3 0 0 4.5 1.2 19.7 0 0 2 0 0 0 0 0.2 0 0.1 2.2 0 0 0 0 0.1 0.2 0 0 0 0
22052019 142 23.6 44.9 41.6 5.7 19.8 32.4 17 45.1 22.3 51.3 29.5 0 15 32.9 15.3 37.1 8.9 10.7 30 14.8 7.7 3.9 34.7 28.9 37.8 43.2 18.3
23052019 143 0 0 0 0 0 0 0 0 0 0 4.2 2.6 0 0 0 0 1.9 0.1 0 0 1.7 0 1.5 0 0.1 0 0
24052019 144 0 0 0 0 0 0 0 1.2 0 0 0 0 0 0 0 0 0 0 0 0 0 0.1 0 0 0 0 0
25052019 145 0 0 0 0 0 0 0 0 0 0 0 0 0 0 0 0 0 0 0 0 0 0 0 0 0 0 0
26052019 146 0.1 0 0 0 1.2 0 0 0 0 0 0 0 0 0 0 0 0 0 0 0 0 0 3.7 0 0 0 0
27052019 147 0 0 0 0 7.8 0 7 2.2 0 0 0 0 0 0 0 0 0 0 0 0 0 0 0 0 0 0 0
28052019 148 0 0 0 0 0 0 0 0 0 0 0 0 0 0 0 0 0 0 0 0 0 0 0 0 0 0 0
29052019 149 0 0.1 0 0 0 0 0 0.3 0 0 0 0 0 0 0 0 0 0 0 0 0 0 0 0 0 0 0
30052019 150 0.2 0 0 0.1 0 0 0 0 0 0 0 0 0 0 0 0 0 0 0 0 0 0 0 0 0 0 0
31052019 151 0.9 0 0 0.8 4.3 1.4 5.4 0 0.6 0.2 0 0 0 0 0 0 0.3 0 0 0 0 0.1 0 0 0 0 0
01062019 152 0 0 0 0 0 0 0 0 0 0 0 0 0 0 0 0 0 0 0 0 0 0 0 0 0 0 0
02062019 153 0 0 0 0 0 0 0 0 0 0 0 0 0 0 0 0 0 0 0 0 0 0 0 0 0 0 0
03062019 154 0 0 0 0 0 0 0 0 0 0 0 0 0 0 0 0 0 0 0 0 0 0 0 0 0 0 0
04062019 155 0 0 0 0 0 0 0 0 0 0 0 0 0 0 0 0 0 0 0 0 0 0 0 0 0 0 0
05062019 156 0 0 0 0 0 0 0 0 0 0 0 0 0 0 0 0 0 0 0 0 0 0 0 0 0 0 0
06062019 157 0 0 0 0 0 0 0 0 0 0 0 0 0 0 0 0 0 0 0 0 0 0 0 0 0 0 0
07062019 158 0 0 0 0 0 0 0 0 0 0 0 0 0 0 0 0 0 0 0 0 0 0 0 0 0 0 0
08062019 159 0.3 0 0 0 0 0 0 0 0 0.8 0 0 0 0 0 0.8 0.4 0 0 3.7 0 0 7 0 0 0 0
09062019 160 0.7 0 0 0 0 0 0 0 0 0 2.7 0 0 4.5 0 0.4 0 0 0 0 0 0.5 0.7 0.2 0 0.2 0.1
10062019 161 0 0 0 0 0 0 0 0 0 0 0 0 0 0.3 0 0 0 0 0 0 0 0 0 0 0 0 0
11062019 162 0 0 0 0 0 0 0 0 0 1.9 1.9 0 0 0 1.4 1.8 0 0 5.8 0 0 0 1.4 0.2 0.7 8.9 0
12062019 163 1.4 0 0 0 3.3 0.3 0.8 0.2 0 0 0 0 0 0 0 0 1 0.6 0 0 0 1.5 0 0.1 8.4 0.5 0
13062019 164 0.1 0 0 0 0 0 0 0 3.9 0 0 0 0 0 0 1.1 2.1 0.6 0 4.7 8.2 1.1 1.6 2.1 7.9 2.1 0
14062019 165 14.8 1.9 0 10.7 16 4 25.9 0.1 11.1 2.9 3.2 1.6 9 13.5 1.1 8.9 4.5 3 14.6 4.8 8.4 3.8 1.8 6.3 0.5 6.5 0.8
15062019 166 0.8 0 0 8.7 0 0 0 0 0 0.5 0.5 0 0 0 0 10.2 0.7 0 2 4 1.3 0.6 0.3 0.1 0 0.4 0
16062019 167 0 0 0 0 0 0 0 0 0 0.3 0 0 0 0 0.2 1.5 6.2 0 0 0 5.2 1.6 0 0 0 0 0
17062019 168 0.9 0 0 0 0.2 0 0 0.1 0 0.3 0 0 0 0 0.2 0.9 2.6 0.9 0 1.4 0 0 0 0.3 0 0.3 0
18062019 169 0.7 4.4 0 9.5 0 0.3 2.7 0.3 0 0.8 0.4 6.6 0 0 0.4 1.9 2.4 1.1 3 5 6 1.9 0.4 2.5 0.1 2.8 0
19062019 170 1 0.7 5.2 0 0 1.4 0 0.5 0.5 12.6 5 0 14 2.3 4.2 8.6 2.9 5.8 5.2 17.3 1.7 0.3 12 7.5 5.9 15.4 6.7
20062019 171 0 0 0 0 0 0 0 0 0 0 1.3 0 0 0 0 0 0 0 1.8 0 0 0 0.4 0.1 0 0.3 0
21062019 172 0 0 0 0 0 0 0 0 0 0 0 0 0 0 0 0 0.7 0 0 0 0 0.3 0 0 0 0 0
22062019 173 0 0 0 0 0 0 0 0 0 0 0 0 0 0 0 0 0 0 0 0 0 0 0 0 0 0 0
23062019 174 0 0 0 0 0 0 0 0 0 0 0 0 0 0 0 0 0 0 0 0 0 0 0 0 0 0 0
24062019 175 0 0 0 0 0 0 0 0 0 0 0 0 0 0 0 0 0 0 0 0 0 0 0 0 0 0 0
25062019 176 0 0 0 0 0 0 0 0 0 0 0 0 0 0 0 0 0 0 0 0 0 0 0 0 0 0 0
26062019 177 0 0 0 0 0 0 0 0 0 0 0 0 0 0 0 0 0 0 0 0 0 0 0 0 0 0 0
27062019 178 0 0 0 0 0 0 0 0 0 0 0 0 0 0 0 0 0 0 0 0 0 0 0 0 0 0 0
28062019 179 0 0 0 0 0 0 0 0 0 0.6 0.1 0 0 0 1.4 2.6 0.4 2.2 0 1.7 0 0.2 0.4 0 1.4 0.3 1.4
29062019 180 0 0 0 0 0 0 0 0 0 0.5 0 0 0 0 0 0 0 0 0 0 0 0 0 0 0 0 0
30062019 181 0 0 0 0 0 0 0 0 0 0 0 0 0 0 0 0 0 0 0 0 0 0 0 0 0 0 0
01072019 182 0 0 0 0 0 0 0 0 0 0 9.6 2.8 0 0 0 0.4 11.8 0 0 0 13.4 11.9 0.4 0 0 0 0
02072019 183 0.1 0 0 0 0 0 0 0 0 0.3 0 0 0 0 0 0 4.6 0 0 0 0 3 0 0 0 0 0
03072019 184 0.3 0 0 0.6 0 0.4 0 0 0 0 0 0 0 0 0 0 0 0 0 0 0 0 0 1 0 0.9 0
04072019 185 0.4 0 0 0 0 0 0.7 0 1.6 1.6 0 14.8 0 1.5 0 0 0.3 0 0 0 0 0.4 0.1 2.3 0 0 0.5
05072019 186 0 0 0 0 0 0 0 0 0 0 0 0 0 0 0 0 0.3 0 0 0 0 0.1 0 0 0 0 0
06072019 187 0 0 0 0 0 0 0 0 0 0 0 0 0 0 0 0 0 0 0 0 0 0 0 0 0 0 0
07072019 188 0 0 0 0 0 0 0 0 0 0 0 0 0 0 0 0 0 0 0 0 0 0 0 0 0 0 0
08072019 189 0 0 0 0 0 0 0 0 0 0 0 0 0 0 0 0 0 0 0 0 0 0 0 0 0 0 0
09072019 190 1.4 0 0 0 1.9 0 2.4 0.5 1.3 0 0 1.2 0 0 0 0 0 0 0 0 0 0 0 0 0 0 0
10072019 191 0 0 0 0 0 0 0 0 0.1 0.9 10.3 0.8 0 0.4 1.5 16.3 4.2 3.7 0 36 0 2.9 0 0.7 0.6 0 0.2
11072019 192 1.8 0 0.8 0 0 1.9 0 0 0 11.3 18.4 2.3 4.1 0 2.7 4.4 0.9 3.7 0 5.7 0 1.6 14.9 7 0.7 6.3 4.2
12072019 193 0.1 0 0 0.7 0 0 0.4 0 0 0 1.9 13.6 12 0 0.1 8 30.1 0.6 15.4 17.6 38.5 17.1 1.1 0.5 0.1 2.8 0
13072019 194 0 0 0 0 0 0 0 0 0 0 0 0.7 0 0 0 0 0.6 0 0 0 0 0.7 0 0 0 0 0
14072019 195 0 0 0 0 0 0 0 0 0 0 0 0 0 0 0 0 0.5 0 0 0 2.5 0 0 0 0 0 0
15072019 196 0.2 0 0 4.1 0 0 0 0 0.2 0.4 0 3.7 0 0.1 0 0.1 1.3 0 0 0 0 2.8 0 0 0 0 0
16072019 197 0 0 0 0 0 0 0 0 0 0 0 0 0 0 0.6 6.7 1.4 3.1 0 9.7 0 0.4 0 0 0.1 0 0
17072019 198 0 0 0 0 0 0 0 0 0 0 0.2 0 3 0 0 0 0 0 3.4 0 0 0 0.3 0.1 0 0.6 0
18072019 199 0.4 0 2.7 0.7 0 1.2 0 0.2 0 1.6 0.5 0 0 0 1 6.5 1.2 3.3 0 8.7 0 0.3 1.5 0 0.5 0 0
19072019 200 0.1 0 0 0 0 0 0 0 0 0 0 0 0 0 0 0 0 0 0 0 0 0 2.1 0 0 0 0
20072019 201 2.9 0 0 3.4 3.4 0.7 2.3 0 3.6 0 0 0 0 0.3 0 0 0 0 0 0 0 0.1 2 0 0.6 6.9 0
21072019 202 3.6 1.3 0 2.1 3 0.6 2.8 0.8 13.7 7 9.1 4.1 14 1.5 1.4 8.8 9.6 4.4 7 13.3 10 4.8 5.2 9.7 8.6 7.9 4.5
22072019 203 1.8 0.2 1.3 5.7 0.8 0.5 0.5 1.3 1.2 0 0.8 4.1 0 1.3 0 2.3 1.1 0 3.8 10 0 2.1 1.3 3.3 0 1.3 0.6
23072019 204 7.5 10.7 10.6 5.9 3.9 10.1 6.5 4.7 17.7 7.3 0.3 0 2.2 1.2 0.5 3.8 2.1 2.7 6.4 4.4 0 0.2 10.6 11.5 0 7.2 0
24072019 205 2.4 0.6 0.4 7.3 3.4 2.1 0 0.9 0.8 9.8 1.1 0 0 0.1 0.6 0.7 0 0 2.8 0 0 0 5 2.9 0 2.9 4
25072019 206 0.5 0 0 0 0 0.6 0 0 0 0.5 0 0 0 0 0 0 0 0 0 0 0 0 0 0 0 0 0
26072019 207 0.2 0 0 0 0.3 8.5 0 0 0.5 0 0 0 0 0.1 0 0 0 0.9 0 0 0 0 0 0 0.2 0 0.5
27072019 208 0 0 0 0 0 0 0 0 1.8 1 0 0 0 0 0 0 0 0 0 0 0 0 0 2.4 0 2.1 0
28072019 209 0 0 0 0 0 0 0 0 0 1.6 2.4 0 0 0 2.2 0.5 0 0 7 0 0 0 0.5 1.3 0 2.2 1
29072019 210 0 0 0 0 0 0 0 0 0 0 0 0 0 0 0 0 0 0 0 0 0 0 0 1.6 0 1.5 0
30072019 211 0 0 0 0 0 0 0 0 0 0 0 0 0 0 0 0 0 0 0 0 0 0 0 0 0.5 5.5 0
31072019 212 0 0 0 0 0 0 0 0 0 0 0 0 0 0 0 0 0 0 0 0 0 0 0 0 0 0 0
01082019 213 0 0 0 0 0 0 0 0 0 0 0 0 0 0 0 0 0 0 0 0 0 0 0 0 0 0 0
02082019 214 0 0 0 0 0 0 0 0 0 0 4.2 0.4 0 0 0 2.4 1 0 0 8.7 0 1.7 0 0 0 0 0
03082019 215 0 0 0 0 0 0 0 0 0 0 0 0 0 0 0 0 0 0 0 0 0 0 0 0 0 0 0
04082019 216 0 0 0 0 0 0 0 0 0 0 0 0 0 0 0 0 0 0 0 0 0 0 0 0 0 0 0
05082019 217 0 0 0 0 0 0 0 0 0 0 0 0 0 0 0 0 0 0 0 0 0 0 0 0 0 0 0
06082019 218 0 0 0 0 0 0 0 0 0 0 0 0 0 0 0 0 0 0 0 0 0 0 0 0 0 0 0
07082019 219 0 0 0 0 0.5 0 0.5 0.1 0 0.1 0 0 0 0 0 0 0 0 0 0 0 0 0 0 0 0 0
08082019 220 0 0 0 0 0 0 0 0 0 0 0 0 0 0 0 0 0 0 0 0 0 0 0 0 0 0 0
09082019 221 0 0 0 0 0 0 0 0 0 0 0 0 0 0 0 0 0 0 0 0 0 0 0 0 0 0 0
10082019 222 0 0 0 0 0 0 0 0 0 0 0 0 0 0 0 0 0 0 0 0 0 0 0 0 0 0 0
11082019 223 0 0 0 0 0 0 0 0 0 0 0 0 0 0 0 0 0 0 0 0 0 0 0 0 0 0 0
12082019 224 0 0 0 0 0 0 0 0 0 0 0 0 0 0 0 0 0 0 0 0 0 0 0 0 0 0 0
13082019 225 0 0 0 0 0 0 0 0 0 0 0 1.8 0 0 0 1.2 1 0 0 0 2.8 0.3 0 0 0 0 0
14082019 226 0 0 0 0 0 0 0 0 0 0 0 0 0 0 0 0 0 0 0 0 0 0 0 0 0 0 0
15082019 227 0 0 0 0 0 0 0 0 0 0 0 0.9 0 0 0 0 1.8 0 0 0 5 0.8 0 0 0 0 0
16082019 228 0 0 0 0 0 0 0 0 0 0 0 0 0 0 0 0 0 0 0 0 0 0 0 0 0 0 0
17082019 229 0 0 0 0 0 0 0 0 0 0.2 0 0 0 0 0 0 0 0 0 0 0 0 0 0 0 0 0
18082019 230 0 0 0 0 0 0 0 0 0 0 0 0 0 0 0 0 0.4 0 0 0 0 0.2 0 0 0 0 0
19082019 231 0 0 0 0 0 0 0 0 0 0 0 0 0 0 0 0 0 0 0 0 0 0 0 0 0 0 0
20082019 232 0 0 0 0 0 0 0 0 0 0 0 0 0 0 0 0 0 0 0 0 0 0 0 0 0 0 0
21082019 233 0 0 0 0 0 0 0 0 0 0 0 0 0 0 0 0 0 0 0 0 0 0 0 0 0 0 0
22082019 234 0 0 0 0 0 0 0 0 0 0 0 0 0 0 0 0 0 0 0 0 0 0 0 0 0 0 0
23082019 235 0 0 0 0 0 0 0 0 0 0 0 0 0 0 0 0 0 0 0 0 0 0 0 0 0 0 0
24082019 236 0 0 0 0 0 0 0 0 0 0 0 0 0 0 0 0 0 0 0 0 0 0 0 0 0 0 0
25082019 237 0 0 0 0 0 0 0 0 0 0 0 0 0 0 0 0 0 0 0 0 0 0 0 0 0 0 0
26082019 238 0 0 0 0 0 0 0 0 0 0 0 0 0 0 0 0 0 0 0 0 0 0 0 0 0 0 0
27082019 239 0 0 0 0 0 0 0 0 0 0 0 0 0 0 0 0 0 0 0 0 0 0 0 0 0 0 0
28082019 240 0 0 0 0 0 0 0 0 0 0 0 0 0 0 0 0 0 0 0 0 0 0 0 0 0 0 0
29082019 241 0 0 0 0 0 0 0 0 0 0 0 0 0 0 0 0 0 0 0 0 0 0 0 0 0 0 0
30082019 242 0 0 0 0 0 0 0 0 0 0 0 0 0 0 0 0 0 0 0 0 0 0 0 0 0 0 0
31082019 243 0 0 0 0 0 0 0 0 0 0 0 0 0 0 0 0 0 0 0 0 0 0.8 0 0 0 0 0
01092019 244 0 0 0 0 0 0 0 0 0 0 0 0 0 0 0 0 0 0 0 0 0 0 0 0 0 0 0
02092019 245 0 0 0 0 0 0 0 0 0 0 0 0 0 0 0 0 0 0 0 0 0 0 0 0 0 0 0
03092019 246 0 0 0 0 0 0 0 0 0 0 0 0 0 0 0 0 0 0 0 0 0 0 0 0 0 0 0
04092019 247 0 0 0 0 0 0 0 0 0 0 0 0 0 0 0 0 0 0 0 0 0 0 0 0 0 0 0
05092019 248 0 0 0 0 0 0 0 0 0 0 0 0 0 0 0 0 0 0 0 0 0 0 0 0 0 0 0
06092019 249 0 0 0 0 0 0 0 0 0 0 0 0 0 0 0 0 0 0 0 0 0 0 0 0 0 0 0
07092019 250 0 0 0 0 0 0 0 0 0 0 0 0 0 0 0 0 0 0 0 0 0 0 0 0 0 0 0
08092019 251 0 0 0 0 0 0 0 0 0 0 0 0 0 0 0 0 0 0 0 0 0 0 0 0 0 0 0
09092019 252 0 0 0 0 0 0 0 0 0 0 0 0 0 0 0 0 0.3 0 0 0 1.7 0 0 0 0 0 0
10092019 253 0 0 0 0 0 0 0 0 0 0 0 0 0 0 0 0 0 0 0 0 0 0 0 0 0 0 0
11092019 254 0 0 0 0 0 0 0 0 0 0 0 0 0 0 0 0 0 0 0 0 0 0 0 0 0 0 0
12092019 255 0 0 0 0 0 0 0 0 0 0 0 0 0 0 0 0 0 0 0 0 0 0 0 0 0 0 0
13092019 256 0 0 0 0 0 0 0 0 0 0 0 0 0 0 0 0 0 0 0 0 0 0 0 0 0 0 0
14092019 257 0 0 0 0 0 0 0 0 0 0 0 0 0 0 0 0 0 0 0 0 0 0 0 0 0 0 0
15092019 258 0 0 0 0 0 0 0 0 0 0 0 0 0 0 0 0 0 0 0 0 0 0 0 0 0 0 0
16092019 259 0 0 0 0 0 0 0 0 0 0 0 0 0 0 0 0 0 0 0 0 0 0 0 0 0 0 0
17092019 260 0 0 0 0 0 0 0 0 0 0 0 0 0 0 0 0 0 0 0 0 0 0 0 0 0 0 0
18092019 261 0 0 0 0 0 0 0 0 0 0 0 0 0 0 0 0 0 0 0 0 0 0 0 0 0 0 0
19092019 262 0 0 0 0 0 0 0 0 0 0 0 0 0 0 0 0 0 0 0 0 0 0 0 0 0 0 0
20092019 263 0 0 0 0 0 0 0 0 0 0 0 0 0 0 0 0 0 0 0 0 0 0 0 0 1.4 15.3 0
21092019 264 0 0 0 0 0 0 0 0 0 0 0 0 0 0 0 0 0 0 0 0 0 0 0 0 0 0 0
22092019 265 0 0 0 0 0 0 0 0 0 0 0 0 0 0 0 0 0 0 0 0 0 0 0 0 0 0 0
23092019 266 0 0 0 0 0 0 0 0 0 0 0 0 0 0 0 0 0 0 0 0 0 0 0 0 0 0 0
24092019 267 0.1 0 0 0 0 1.1 0 0 0 4.4 0.5 11.2 0 0 2.8 17.7 18.8 13.9 0 32.3 12.9 16.6 3.5 4.2 11.4 5 5.6
25092019 268 0 0 0 0 0 0 0 0 0 0 0 0 0 0 0 0 0 0 0 0 0 0 0 0 0 0 0
26092019 269 0 0 0 0 0 0 0 0 0 0 0 0 0 0 0 0 0 0 0 0 0 0 0 0 0 0 0
27092019 270 0 0 0 0 0 0 0 0 0 0 0 0 0 0 0 0 0 0 0 0 0 0 0 0 0 0 0
28092019 271 0 0 0 0 0 0 0 0 0 0 0 0 0 0 0 0 0 0 0 0 0 0 0 0 0 0 0
29092019 272 0 0 0 0 0 0 0 0 0 0 0 0 0 0 0 0 0 0 0 0 0 0 0 0 0 0 0
30092019 273 0 0 0 0 0 0 0 0 0 0 0 0 0 0 0 0 0 0 0 0 0 0 0 0 0 0 0
01102019 274 0 0 0 0 0 0 0 0 0 0 0 0 0 0 0 0 0 0 0 0 0 0 0 0 0 0 0
02102019 275 0 0 0 0 0 0 0 0 0 0 0 0 0 0 0 0 0 0 0 0 0 0 0 0 0 0 0
03102019 276 0 0 0 0 0 0 0 0 0 0 0 0 0 0 0 0 0 0 0 0 0 0 0 0 0 0 0
04102019 277 0 0 0 0 0 0 0 0 0 0 0 0 0 0 0 0 0 0 0 0 0 0 0 0 0 0 0
05102019 278 0 0 0 0 0 0 0 0 0 0 0 0 0 0 0 0 0 0 0 0 0 0 0 0 0 0 0
06102019 279 0 0 0 0 0 0 0 0 0 0 0 0 0 0 0 0 0 0 0 0 0 0 0 0 0 0 0
07102019 280 0 0 0 0 0 0 0 0 0 0 0 0 0 0 0 0 0 0 0 0 0 0 0 0 0 0 0
08102019 281 0 0 0 0 0 0 0 0 0 0 0 0 0 0 0 0 0 0 0 0 0 0 0 0 0 0 0
09102019 282 0 0 0 0 0 0 0 0 0 0 0 0 0 0 0 0 0 0 0 0 0 0 0 0 0 0 0
10102019 283 0 0 0 0 0 0 0 0 0 0 0 0 0 0 0 0 0 0 0 0 0 0 0 0 0 0 0
11102019 284 0 0 0 0 0 0 0 0 0 0 0 0 0 0 0 0 0 0 0 0 0 0 0 0 0 0 0
12102019 285 0 0 0 0 0 0 0 0 0 0 0 0 0 0 0 0 0 0 0 0 0 0 0 0 0 0 0
13102019 286 0 0 0 0 0 0 0 0 0 0 0 0 0 0 0 0 0 0 0 0 0 0 0 0 0 0 0
14102019 287 0 0 0 0 0 0 0 0 0 0 0 0 0 0 0 0 0 0 0 0 0 0 0 0 0 0 0
15102019 288 0 0 0 0 0 0 0 0 0 0 0 0 0 0 0 0 0 0 0 0 0 0 0 0 0 0 0
16102019 289 0 0 0 0 0 0 0 0 0 0 0 0 0 0 0 0 0 0 0 0 0 0 0 0 0 0 0
17102019 290 0 0 0 0 0 0 0 0 0 0 0 0 0 0 0 0 0 0 0 0 0 0 0 0 0 0 0
18102019 291 0 0 0 0 0 0 0 0 0 0 0 0 0 0 0 0 0 0 0 0 0 0 0 0 0 0 0
19102019 292 0 0 0 0 0 0 0 0 0 0 0 0 0 0 0 0 0 0 0 0 0 0 0 0 0 0 0
20102019 293 0 0 0 0 0 0 0 0 0 0 0 0 0 0 0 0 0 0 0 0 0 0 0 0 0 0 0
21102019 294 0 0 0 0 0 0 0 0 0 0 0 0 0 0 0 0 0 0 0 0 0 0 0 0 0 0 0
22102019 295 0.1 0 0 0 0 0 0 0 0 0.3 0 0 0 0 0 0 0 0 0 0 0 0 0 0 0 0 0
23102019 296 0 0 0 0 0 0 0 0 0 0 0 0 0 0 0 0 0 0 0 0 0 0 0 0 0 0 0
24102019 297 0 0 0 0 0 0 0 0 0 0 0 0 0 0 0 0 0 0 0 0 0 0 0 0 0 0 0
25102019 298 0 0 0 0 0 0 0 0 0 0 0 0 0 0 0 0 0 0 0 0 0 0 0 0 0 0 0
26102019 299 0 0 0 0 0 0 0 0 0 0 0 0 0 0 0 0 0 0 0 0 0 0 0 0 0 0 0
27102019 300 0 0 0 0 0 0 0 0 0 0 0 0 0 0 0 0 0 0 0 0 0 0 0 0 0 0 0
28102019 301 0 0 0 0 0 0 0 0 0 0 0 0 0 0 0 0 0 0 0 0 0 0 0 0 0 0 0
29102019 302 0 0 0 0 0 0 0 0 0 0 0 0 0 0 0 0 0 0 0 0 0 0 0 0 0 0 0
30102019 303 0 0 0 0 0 0 0 0 0 0 0 0 0 0 0 0 0 0 0 0 0 0 0 0 0 0 0
31102019 304 0 0 0 0 0 0 0 0 0 0 0 0 0 0 0 0 0 0 0 0 0 0 0 0 0 0 0
01112019 305 0 0 0 0 0 0 0 0 0 0 0 0 0 0 0 0 0 0 0 0 0 0 0 0 0 0 0
02112019 306 0 0 0 0 0 0 0 0 0 0 0 0 0 0 0 0 0 0 0 0 0 0 0 0 0 0 0
03112019 307 0 0 0 0 0 0 0 0 0 0 0 0 0 0 0 0 0 0 0 0 0 0 0 0 0 0 0
04112019 308 0 0 0 0 0 0 0 0 0 0 0 0 0 0 0 0 0 0 0 0 0 0 0 0 0 0 0
05112019 309 0 0 0 0 0 0 0 0 0 0 0 0 0 0 0 0 0 0 0 0 0 0 0 0 0 0 0
06112019 310 0 0 0 0 0 0 0 0 0 0 0 0 0 0 0 0 0 0 0 0 0 0 0 0 0 0 0
07112019 311 0 0 0 0 0 0 0 0 0 0 0 0 0 0 0 0 0 0 0 0 0 0 0 0 0 0 0
08112019 312 0 0 0 0 0 0 0 0 0 0 0 0 0 0 0 0 0 0 0 0 0 0 0 0 0 0 0
09112019 313 0 0 0 0 0 0 0 0 0 0 0 0 0 0 0 0 0 0 0 0 0 0 0 0 0 0 0
10112019 314 0 0 0 0 0 0 0 0 0 0 0 0 0 0 0 0 0 0 0 0 0 0 0 0 0 0 0
11112019 315 0 0 0 0 0 0 0 0 0 0 0 0 0 0 0 0 0 0 0 0 0 0 0 0 0 0 0
12112019 316 0 0 0 0 0 0 0 0 0 0 0 0 0 0 0 0 0 0 0 0 0 0 0 0 0 0 0
13112019 317 0 0 0 0 0 0 0 0 0 0 0 0 0 0 0 0 0 0 0 0 0 0 0 0 0 0 0
14112019 318 0 0 0 0 0 0 0 0 0 0 0 0 0 0 0 0 0 0 0 0 0 0 0 0 0 0 0
15112019 319 0 0 0 0 0 0 0 0 0 0 0 0 0 0 0 0 0 0 0 0 0 0 0 0 0 0 0
16112019 320 0 0 0 0 0 0 0 0 0 0 0 0 0 0 0 0 0 0 0 0 0 0 0 0 0 0 0
17112019 321 0 0 0 0 0 0 0 0 0 0 0 0 0 0 0 0 0 0 0 0 0 0 0 0 0 0 0
18112019 322 0 0 0 0 0 0 0 0 0 0 0 0 0 0 0 0 0 0 0 0 0 0 0 0 0 0 0
19112019 323 0 0 0 0 0 0 0 0 0 0 0 0 0 0 0 0 0 0 0 0 0 0 0 0 0 0 0
20112019 324 0 0 0 0 0 0 0 0 0 0 0 0 0 0 0 0 0 0 0 0 0 0 0 0 0 0 0
21112019 325 0 0 0 0 0 0 0 0 0 0 0 0 0 0 0 0 0 0 0 0 0 0 0 0 0 0 0
22112019 326 0 0 0 0 0 0 0 0 0 0 0 0 0 0 0 0 0 0 0 0 0 0 0 0 0 0 0
23112019 327 0 0 0 0 0 0 0 0 0 0 0 0 0 0 0 0 0 0 0 0 0 0 0 0 0 0 0
24112019 328 0 0 0 0 0 0 0 0 0 0 0 0 0 0 0 0 0 0 0 0 0 0 0 0 0 0 0
25112019 329 0 0 0 0 0 0 0.1 0 0 0 0 0 0 0 0 0 0 0 0 0 0 0 0 0 0 0 0
26112019 330 0 0 0 0 0 0 0 0 0 0 0 0 0 0 0 0 0 0 0 0 0 0 0 0 0 0 0
27112019 331 0 0 0 0 0 0 0 0 0 0 0 0 0 0 0 0 0 0 0 0 0 0 0 0 0 0 0
28112019 332 0 0 0 0 0 0 0 0 0 0 0 0 0 0 0 0 0 0 0 0 0 0 0 0 0 0 0
29112019 333 0 0 0 0 0 0 0 0 0 0 0 0 0 0 0 0 0 0 0 0 0 0 0 0 0 0 0
30112019 334 0 0 0 0 0 0 0 0 0 0 0 0 0 0 0 0 0 0 0 0 0 0 0 0 0 0 0
01122019 335 0 0 0 0 0 0 0 0 0 0 0 0 0 0 0 0 0 0 0 0 0 0 0 0 0 0 0
02122019 336 0 0 0 0 0 0 0 0 0 0 0 0 0 0 0 0 0 0 0 0 0 0 0 0 0 0 0
03122019 337 0 0 0 0 0 0 0 0 0 0 0 0 0 0 0 0 0 0 0 0 0 0 0 0 0 0 0
04122019 338 0 0 0 0 0 0 0 0 0 0 0 0 0 0 0 0 0 0 0 0 0 0 0 0 0 0 0
05122019 339 0 0 0 0 0 0 0 0 0 0 0 0 0 0 0 0 0 0 0 0 0 0 0 0 0 0 0
06122019 340 0 0 0 0 0 0 0 0 0 0 0 0 0 0 0 0 0 0 0 0 0 0 0 0 0 0 0
07122019 341 0 0 0 0 0 0 0 0 0 0.1 0 0 0 0 0.8 0.2 0 0 0 0 0 0 0 0 0 0 0
08122019 342 0 0 0 0 0 0 0 0 0 0 0 0 0 0 0 0 0 0 0 0 0 0 0 0 0 0 0
09122019 343 0.6 4.1 6.5 0 5.2 10.5 9.6 5.1 0 0.2 2.9 5.9 0 1.1 1.4 3.8 0.7 2.9 0 2.4 0 1.6 8.6 1.1 0 1.8 0
10122019 344 0 0 0 0 0 0 0 0 0 0.4 0 0 0 0 0 0 1 0 0 0 0 0.4 0 5 1.7 4.2 0.8
11122019 345 0 0 0 0 0 0 0 0 0 0 0 0 0 0 0 0 0 0 0 0 0 0 0 0 0 0 0
12122019 346 0 0 0 0 0 0 0 0 0 0 0 0 0 0 0 0 0 0 0 0 0 0 0 0 0 0 0
13122019 347 0 0 0 0 0 0 0 0 0 0 0 0 0 0 0 0 0 0 0 0 0 0 0 0 0 0.1 0
14122019 348 0 0 0 0 0 0 0 0 0 0 0 0 0 0 0 0 0 0 0 0 0 0 0 0 0 0 0
15122019 349 0 0 0 0 0 0 0 0 0 0 0 0 0 0 0 0 0 0 0 0 0 0 0 0 0 0 0
16122019 350 0 0 0 0 0 0 0 0 0 0 0 0 0 0 0 0 0 0 0 0 0 0 0 0 0 0 0
17122019 351 0 0 0 0 0 0 0 0 0 0 0 0 0 0 0 0 0 0 0 0 0 0 0 0 0 0 0
18122019 352 0 0 0 0 0 0 0 0 0 0 0 0 0 0 0 0 0 0 0 0 0 0 0 0 0 0 0
19122019 353 0 0 0 0 0 0 0 0 0 0 0 0 0 0 0 0 0 0 0 0 0 0 0 0 0 0 0
20122019 354 0 0 0 0 1.7 0 2.5 0 0.9 0 0 0 0 0 0 0 0 0 0 0 0 0 0 0.8 0 0 0
21122019 355 0 0 0 0 0 0 0 0 0 0 0 0 0 0 0 0 0 0 0 0 0 0 0 0 0 0 0
22122019 356 0 0 0 0 0 0 0 0 0 0 0 0 0 0 0 0 0 0 0 0 0 0 0 0 0 0 0
23122019 357 0 0 0 0 0 0 0 0 0 0 0 0 0 0 0 0 0 0 0 0 0 0 0 0 0 0 0
24122019 358 0 0 0 0 0 0 0 0 0 0 0 0 0 0 0 0 0 0 0 0 0 0 0 0 0 0 0
25122019 359 0 0 0 0 0 0 0 0 0 0 0 0 0 0 0 0 0 0 0 0 0 0 0 0 0 0 0
26122019 360 0 0 0 0 0 0 0 0 0 0 0 0 0 0 0 0 0 0 0 0 0 0 0 0 0 0 0
27122019 361 0 0 0 0 0 0 0 0 0 0 0 0 0 0 0 0 0 0 0 0 0 0 0 0 0 0 0
28122019 362 0 0 0 0 0 0 0 0 0 0 0 0 0 0 0 0 0 0 0 0 0 0 0 0 0 0 0
29122019 363 0 0 0 0 0 0 0 0 0 0 0 0 0 0 0 0 0 0 0 0 0 0 0 0 0 0 0
30122019 364 0 0 0 0 0 0 0 0 0 0.3 0 0 0 0 1.7 0.3 0 0 0 0 0 0 0 0 0 0 0
31122019 365 0 0 0 0 0.1 0 0 5 0 0 0 0 0 0 8.8 2.5 1.6 28.5 1.6 5 6 0 0 0.1 2.3 0.3 8.6
01012020 366 12.9 17.8 0.5 5 22.2 12 19.6 10.9 11.6 0.9 0.1 0 0 0.3 1.1 0.7 15 0.6 0 0 12 13.4 5.6 4.1 13.4 11.3 2.7
02012020 367 5.5 0 0 0 1.2 3.9 0 0 3.1 0.2 0 0 0 0 0 0 10.2 0 0 0 47.6 0.3 0 1.1 0 0 0
03012020 368 0.1 0 0 0 0 0 0 1.9 0.2 0 0 0 0 0 0 0 0 0.7 0 0 0 0 2.1 0 6.8 0.3 0
04012020 369 0 0 0 0 0.1 0 0 0 0 0 0 0 0 0 0 2.5 1.2 0 0 11 0 0 0 0 0 0 0
05012020 370 0 0 0 0 0 0 0 0 0 0 0 0 0 0 0 0 0 0 0 0 0 0 0 0 0 0 0
06012020 371 0.1 0 0 0 1.6 2.8 3.4 0 0 0 1.1 0.6 0 0 0 0.1 0 0.5 0 0 0 0.4 0.2 0 5.6 0.2 0
07012020 372 1.2 0 0 0 4.7 14.8 4.9 0.6 0 0.9 1.9 0 0 0 0 0 0 0 0 0 0 0 3.2 0 0 0 0
08012020 373 1 10 13.7 0 27.3 16 51 8.8 0.1 0.3 0.5 0 7.9 1.2 0 0 0 0 4.2 0 0 0 0.7 5.4 0.4 16.8 0.1
09012020 374 0.1 2 1.3 0 11.7 8.3 9.3 15 13.4 14.5 0 0 0 3.2 48.6 59.4 90.4 51.3 46 149.2 78.5 8.8 3.1 7.9 13.8 16.4 13.2
10012020 375 11.1 9.3 5.9 0 26.4 6.1 12 7.1 2.9 2.5 0.2 0 0 0 0.7 6.5 1.1 2.6 2.8 11 0 0.8 0.7 4 0.3 0.5 1
11012020 376 3.2 0 1.8 0 4.1 6.6 3.9 1.1 9 5.6 8 0 0 19.6 7.7 2.4 1.5 9.8 13.2 2 4 2 1.1 9.5 9 16 16.8
12012020 377 0.1 0 0 0 0 0 0 0 0.3 0.7 0 0 0 0.8 0 0 0 0 1.2 0 0 0 0 0.4 0 0.9 0
13012020 378 0 0 0 0 0 0 0 0 0 0 0.6 0 0 0 0 0 0 0 0 0 0 0 0.1 0 0 0 0
14012020 379 4.3 2 1.2 2.7 2.8 10.2 3.6 1.9 0 0.2 0 0 0 0.1 0 0 0.1 0 0 0 0 0.2 0.9 0 0 0 0
15012020 380 3.4 0 0 5.7 2.7 8.1 0 0 8.9 7.6 0.1 2.2 0 5.3 16.1 7.6 6.7 14.9 2.4 20.4 1.7 8.9 4.6 1.3 6.1 1.9 11.1
16012020 381 0 0 0 0 0 0 0 0 7.6 0.7 0 0 0 0 1.3 0.3 4.5 0.2 4.8 0 5.6 0.8 0 4.1 4.5 2.5 1.9
17012020 382 0 0 0 0 0 0 0 0 0 0 0 0.3 0 0 0 0 0 0 0 0 0 0.2 0 0 0 0 0
18012020 383 0.1 0 0 0 0.1 0.3 0 0 0 4.4 1 0 0 0 9.2 0.3 0 5.7 0 0 0 0.5 3.1 0.1 0.6 0.3 7.2
19012020 384 0 0 0 0 0 0 2.7 0 0 0.3 0 0 0 0 1.4 0.3 0 0 0 0 0 0 0 0 0 0 0
20012020 385 0 0 0 0 0.1 0 0 0 0 0 0 0 0 0 0 0 0 0 0 0 0 0 0 0 0 0 0
21012020 386 0.1 4.7 12.8 0 3.8 5.3 3.4 4.3 0.1 0 1.4 3.8 0 0.9 0 0 0 0 2 0 0 3.1 0 1.1 0 0.7 0
22012020 387 0.1 1.9 2.4 0 0 2.1 0 0.1 6.2 0 3.7 27.7 38 0.4 0 0 0 0 0 0 0 0.5 6.8 0 0.2 0.5 0
23012020 388 0 2.3 0 0 0.1 0 0 0.2 10.4 0 0 0 0 0.6 0 0 0 0 17 0 0 0 0 1.6 0.5 5.1 0
24012020 389 0 0.1 0 0 0.1 0 0 0.6 0 0 0 0 0 0 0.4 0.3 0.6 0.8 0 0.7 2.5 0 0 0 0 0 0
25012020 390 0 0 0 0 0 0 0 0 0 0 0 0 0 0 0 0 0 0 0 0 0 0 0 0 0 0 0
26012020 391 0.1 0 0 1.1 0 0 0 0 0 0 0 0 0 0 0 0 0 0 0 0 0 0 0 0 0 0 0
27012020 392 0.9 0.5 0 12.8 7.2 0 5.5 4.1 1.2 0 0 0 0 0 0 0 4.2 0.4 2.2 0 6.7 4 0 0 4.7 2.8 0
28012020 393 35.4 3.7 3.1 40.6 9.5 5.1 12.5 6.8 9.9 31.4 5.7 4.1 11 31 26.9 26.7 11.3 32 4.8 29.7 6.7 12.8 14.7 15.6 28.8 18.2 30.2
29012020 394 1 0 5.7 0 2 2.2 2.8 0.6 0 0.7 8.9 4.9 0 3 2.3 0.5 1 0 1.2 0 0 6.8 3.6 0.2 0.5 0.2 1.3
30012020 395 3 0.9 0.6 0.1 0 0.3 0.1 1.4 4.5 7.7 1.4 2.2 13 2.7 3.5 2.6 7.3 2.4 0 4.9 17.4 6.9 11.4 0 5.4 2.2 2.1
31012020 396 0.4 9.9 20.5 0 0.1 0.1 0 1.2 2.6 7.4 0 0 0 0.8 13.8 2.5 14.7 8.3 48.2 1 13 0 3.7 49.3 5.3 34.2 5.4
01022020 397 0.4 1.7 3.9 0 6.1 7.1 13.5 0.2 1.6 3 2 0 0 0.4 0.7 5 1.3 0 0 0 2.5 1.8 8.9 0.1 0 0 0.6
02022020 398 8.8 7 5.8 0.1 31.2 13.7 15.5 17.1 2.3 1.4 0 0 0 0 0 0 0 0 14 0 0.1 0.7 1.2 1.1 0.7 2.5 0
03022020 399 1.2 3.5 1 2.8 0.9 0.2 0 0.3 3 0.8 0.3 5.1 0 0.7 3.9 0 0.5 15.1 2 0 2.5 0.4 15 0 1.6 0.4 5.8
04022020 400 5.8 0.9 0 13.7 3.4 12.7 0 7 7.2 0.1 2.7 0.9 0 2.3 0 0 0.5 0 20.6 0 0 0.6 0.9 8.4 0.3 6.8 0.1
05022020 401 15.6 14 24.1 4.2 21 15.1 17.2 17.1 8.7 16.9 5.6 6.6 0 6.4 22.5 12.8 8.5 21.7 10 13.3 9.5 8.5 13.1 14.3 36.4 35.7 16.7
06022020 402 3.8 0.3 0 0.7 15.1 9.9 21.1 1.7 4.6 0.3 4.6 0 0 0.2 1.7 0.2 3.9 0 2.4 0 0 0.8 1.1 0.2 0.2 1 1.4
07022020 403 0.6 2 4.1 0.8 0 0 0.6 0.2 4.3 0.1 0 0 0 1.1 0 0 0 0 4.4 0 0 0 0 2.2 0 0.8 0
08022020 404 0 0 0 0 0 0 0 0 0 0 0 0 0 0 0 0 0 0 0 0 0 0.1 0 0 0 0 0
09022020 405 0 0 0 0 0 0 0 0 3.2 0 0 0 0 0 0 0 0.8 0 0 0 0 1.4 0 0 0 0 0
10022020 406 0.5 4 0.7 0 2.3 7.1 0 1.9 0.5 0 6.3 13.4 7 0 1.6 0.4 3.5 6.2 0 0 0 11.2 0.6 0 0.6 0 2.4
11022020 407 0.1 0 0 0 0 0 0 0 0 0.7 1.5 1 0 0 5 0 0.3 0 0 0 0 4.3 0 0 0 0 4
12022020 408 0 0 0 0 0.6 0 0 0 0 0 0 0 0 0 0 0 0 0 0 0 0 0 0 0 0 0 0
13022020 409 0.4 0 0 3.1 0 0 0 0 0.4 0 0.5 0 0 4.7 0 8.3 0 0 0 0 0 0.6 0.2 5.6 0 0 0.2
14022020 410 0 0 0 0 0 0 0 0 20.2 39.3 29.9 0.8 30 3 45.9 26.8 10.6 18.3 16 30 18.5 4.7 17.7 8.9 8.9 9.1 26.9
15022020 411 1.3 0 0 0 1.4 0 0 0 4.9 0 1.4 2.8 0 1.3 0 24.1 5.1 4.5 0 0 2.8 4.5 0.8 0.9 46.3 19.2 0
16022020 412 5.3 5.3 9.1 7.3 15.1 12 21.9 16.9 8.8 13.8 16.9 8.4 0 1.1 30.9 30.6 16.7 12.4 3.2 34.9 21.5 4.8 6.2 35.9 2.2 19.5 2.4
17022020 413 0.6 0 0 0 1.4 1.9 8.7 1 10.2 0.2 1.8 0.5 0 6.4 0 0 0.1 0 2 0 0 0.8 2.8 8.6 1.4 2.7 0.9
18022020 414 12.8 12.3 34.2 35.8 0.3 9.8 0 7.7 7.2 36 45.8 2.1 95 9.3 37.1 47.7 8.7 68.8 7.8 26.7 2.2 13.3 23.3 19.5 86.4 20.4 65.4
19022020 415 11.2 20 18.9 2.9 8.1 18.8 5.5 13.4 24.4 20.9 17.9 15 45 41.6 10.7 10.7 19.4 14.3 12 22.2 18.8 13.1 19.6 34.1 7.3 35 24.5
20022020 416 19 0.8 0.5 52.9 6 4.2 9.3 1.1 21.9 5.7 0 7.7 0 23.8 0 0.1 2.1 0 3.4 0 0 3.5 7.8 2.4 0 2.9 8.1
21022020 417 4.4 4.2 1.8 0 1.8 5.8 1.6 2.7 0 5.7 0.3 0 0 0 11.5 12.4 5.4 7.9 0 19.7 2.3 3.9 6 0 0.2 0 0
22022020 418 1.7 9.3 8.8 0 3.1 0.3 2.6 4 0.1 1.1 5.5 8.6 0 0.6 0 0.2 4.8 0 0 0 2.8 5.1 1 0.7 0 0 0
23022020 419 0.9 2.1 2.5 0 0.6 1.6 0.2 0.9 0 0 0 0 0 0 0 0 0 0 0 0 0 0.1 2.6 0 0 0 0
24022020 420 1.5 0.6 0 3.6 0.9 13.7 0 3.3 1.3 0.4 1.3 1 0 0.3 0 0 0 0 0 0 0 0.7 0.8 0 0 0 0
25022020 421 2.1 0 0 3.1 3.1 0 3.8 3.4 0.4 2.8 6.6 9.4 0 29.5 0 0.1 0.8 0 2.2 0 0 8.9 0.1 2.9 0 2 12.9
26022020 422 1 0 0 0 0 0 0 0 2.5 2.4 1.7 4.2 0 3.4 0 0.1 1.3 0 1.4 0 0 5.8 0 0.8 1.1 1.4 5.3
27022020 423 2.7 0 0 18.8 0 0 0 0 1.5 1.5 0 0 0 1.1 0 0 1.4 0 0 0 6.9 0 0 0 0.3 0 0.4
28022020 424 2.1 11.7 1.4 3.7 0.5 10.5 0 14.9 0.9 1.9 0.6 0 0 0 0 0 0 0 0 0 0 0.2 0.2 0.5 0 0 0
29022020 425 20.4 23.2 30.3 16 24.9 34.5 25 28.3 1 10.7 5.6 4.9 28 0.4 12.8 1.9 11.6 17.2 0 0 1.8 7.9 19.5 2 3.8 5.1 14
01032020 426 0.7 2.7 0 16 1.5 0 0 0.3 2.4 1 0 2.3 0 1.2 0 0 0 0 0 0 0 1.6 0 0.9 0 0 1.6
02032020 427 4.4 16.8 0.9 0 0 1.5 0 1.6 0 1.5 0.4 29 7 0 0.4 1.1 4.9 0.9 46 4.1 7 22.7 2.7 0.8 0.4 11.2 0
03032020 428 1.2 3.5 2.8 0 8.1 3.2 8.4 8.8 3.1 1.4 0.8 1 0 0.8 5.3 11.4 10 7.4 16 6 39.2 5.3 0.8 14.1 1.8 26.2 2.2
04032020 429 6.2 6.9 8.6 20.6 6.7 0.4 8.9 9.6 0.7 5.8 0.8 10.2 0 0 0.6 0.6 2.7 1.3 12.6 1 2.5 7.8 2.1 0.5 0 3.2 2.8
05032020 430 25.7 17.6 7.7 10.9 38.4 51.3 36.4 24.7 9.3 15.6 9 46.7 4 21.7 8.5 17.7 8.3 9 6 1.1 9.2 23.4 12.9 9.7 5.3 3.8 15.6
06032020 431 0.2 3.8 7.8 0 5.6 1.7 11.7 4.7 1.6 0.9 0 0 0 0.2 0.4 0.3 0.1 0.8 6.8 0.6 0 0 5.7 2.1 3.2 6.1 0.7
07032020 432 4.7 17 17.9 0.6 12.3 14.5 0 16.9 15.4 12.1 10.5 4.7 7 18.6 13.4 8.1 17.6 1.3 18.4 4.7 15.3 5.8 4.5 26.9 3.9 18.9 20.3
08032020 433 24.3 7.2 6 3.7 12.1 12.5 9.5 11.7 5.3 5.6 2 0.9 0 0 2.4 2.1 4.2 5.5 2 4.1 10.9 6.1 5.5 3.6 15.6 4.8 0.9
09032020 434 0 1.5 0.7 0 3.9 1.4 7.5 2.4 3.5 1.6 0.4 0 7 3.6 0 1.1 0.5 0 0 4.7 0 0 0.6 0.7 0 0 6.8
10032020 435 0 5.3 0 0 0.2 0 0.2 1.9 2 1.6 0 9.4 0 0.5 0.7 1.1 10.2 1.9 0 1.1 6.6 4 0.2 0 0.2 0 0
11032020 436 3.4 0.4 0.3 0 3.7 5 7.4 1 12.8 3 0 0 0 6 0 0 0.2 0 0 0 0.1 0.5 0.4 6.7 0 0.1 1.1
12032020 437 1.7 3.9 6.6 0 7.9 3.4 8.7 0.7 0 0.1 0 0 0 0.6 0 0 0.6 0 0 0 0 0.2 0 0.1 0 0.5 0
13032020 438 19.4 13.3 33.7 12.8 20.8 23.7 6.3 17.2 4.6 1.1 8.6 1.3 18 0.6 0 8 4.2 0.3 7.2 0 2.6 12.1 18.2 2.7 0.1 3 0
14032020 439 21.9 4.9 2.4 20.4 6.8 14.7 0 3 2.5 16.8 3.4 23 0 8.4 24.6 26.8 17.9 29.8 16 31.4 17.8 24.4 16.5 23.3 9.9 25.5 12.7
15032020 440 25.5 3.5 9.3 52.2 20.8 14.3 29.9 16.3 3.8 26.2 12.6 17.3 34 23.9 21.9 29.3 16.4 21 11.8 46.3 16.5 26.4 8.8 5.9 23 18.8 15.8
16032020 441 2.2 2.3 0.5 1.5 3.4 3 4.5 13.3 15.7 7.4 21.2 22.2 30 5 5.1 5.6 7 3.6 7.4 9.5 2.7 29.2 9.1 9.9 15.6 7.3 7.9
17032020 442 8.3 9.1 0 0.5 7.7 1.4 3 2 12.9 6.2 11.8 9.5 0 3.2 1 0.3 3.1 0.3 6 0 3.9 12.3 2.8 2.4 14.9 4.9 4.9
18032020 443 0.2 12.3 25.5 0 0.1 0.1 0 1.5 3.5 0.1 5.6 15.1 0 0.8 0 0 0.1 0 0 0 0 8.5 5.3 0 0 0 0
19032020 444 3.6 17.1 10.3 0 6.2 2.6 1.7 23.5 1.3 8.2 3 7.7 0 0.4 0 0.4 0.9 0 16 0 0 6.4 22.4 0.4 0.4 10.8 5
20032020 445 9.2 6.2 0 8.3 10.1 9.3 19 5.5 0.2 11.1 0 1 0 1.4 9.2 8.2 11.5 11.4 24.2 21 30.6 7.2 2.1 1.7 4.6 24.8 3.3
21032020 446 0.8 1.2 0 0 8 0.6 9 1.7 1.8 0 0 0 0 0 0 0 0 0 7.8 0 0 0 0.2 0.1 0.3 6.4 0
22032020 447 0 4 2.2 0 3.4 4.6 4.5 9.8 0 0 0.4 1 0 0 0 6.4 2.5 0.1 10 0 11.4 1.9 0.1 0.2 7.1 6.5 0
23032020 448 0 0 0 0 0 0 0 2.4 3.3 0 0 0 0 0 0 2.4 1.1 0 4.4 10.6 0 0 0 0.1 0 1.1 0
24032020 449 0 0.9 0.5 0 0.6 1 0 1.1 0 0 0 0 0 0 0 0 0 0.1 2 0 0 0 0 0 4.5 0.6 0
25032020 450 2.3 11.7 22.4 0 14.8 14.2 19.1 11.8 1.1 24.5 47.8 58.7 0 22 20.7 10.5 9.5 45.7 4 10 0 10.7 30 2.9 27.4 4.3 30.9
26032020 451 31.8 11.2 20.7 1.3 33.1 30.9 16.6 23.6 4.8 5.4 2.2 10.1 0 2.4 9.9 8.8 5.3 25.6 9.2 6.7 3.4 16.9 3.3 6.7 33.4 20.3 19
27032020 452 2.6 3.3 5.8 4.1 3.2 0.2 4.1 3 0.8 1.2 9.2 70.7 0 0 6.3 4.5 10.9 9 2 7.2 0 32.4 0.5 1.5 0 1 1
28032020 453 3 4 1.8 2.7 7 5.3 9 0.7 1.2 6.8 9.4 7.1 0 0 9.4 5.6 13.5 2.1 3 0.8 18.2 20.4 6.9 8 2.5 10.3 0
29032020 454 0 2.3 0 0 0.1 0 2.2 0.6 0.6 0 3.8 10.1 57 0 0 0 1.4 0 0 0 3.2 2.7 5.2 0 0 0 0
30032020 455 4.7 5.9 9.8 4 6 2.1 7.3 4.6 0 0.1 0.4 2.6 0 0 0 0 0 0 0 0 0 1.9 3.5 0 0 0 0
31032020 456 4.7 42.7 7.1 2.7 0.9 10.2 0 4.3 17.7 8.3 5.2 3.5 0 9.1 9.9 14.9 1.8 2.1 11 9.7 0 2.2 17.7 13.4 0 6.6 4.9
01042020 457 5.9 2.5 1.3 7.1 0.9 6.2 2.2 2.5 9 12.3 0.2 0 0 2.3 5 0.1 3.3 0.1 5.2 0 2.8 1.4 8.2 8.9 8.1 15.4 10.3
02042020 458 5 2.9 3.2 5.4 1.4 2.9 2.2 8.5 0.1 0.2 0 3.5 0 1.2 0 0 0 0 0 0 0 0.7 0 1.5 0 0 0.1
03042020 459 3.3 17.3 17.4 0 1.4 7.4 0 14.9 4.2 0.4 0.8 0 6 0.2 0 0 0.9 0 0 0 0 0.4 2.2 0.5 0 0.5 0.3
04042020 460 5.6 0.4 3.1 0 4.6 12.4 2.3 1.3 0.9 5.6 0.6 0 2 5.5 1.2 1 0.4 2.5 2 2 0 0.1 7.4 8.3 0 7.9 2.4
05042020 461 1.1 5.3 1.2 3.5 6.5 5.1 8.4 0.1 0.2 7.3 19.7 2.6 45 0 16.5 8.8 4.9 0 21 0 1.3 10.6 8.5 1.2 0.2 12.1 0
06042020 462 0.7 3.8 0 0 4.4 3.4 5.5 1.5 4.2 1.4 2.7 2.7 0 0 0 0 0.5 0 2.8 0 0.8 5.6 0.6 2.7 0 1 0.6
07042020 463 0 0 0 0 5.5 1.5 8.1 0 0 0 2.4 0 0 0 0 0.3 0 0 0 0 0 0.4 0 0 0 0 0
08042020 464 0 0 0 0 0 0 0 0 0 0 0 1.8 0 0 0 0 0.8 0 0 0 0 0.3 0 0.1 0 0.5 0
09042020 465 0.3 0 0 0 0.8 0.1 0 0 0 0 0 0 0 0 0 0 0 0 0 0 0 0 0 0 0 0 0
10042020 466 0 0 0 0 0 0 0 0 0 0 0 0 0 0 0 0 0 0 0 0 0 0.9 0 0 0 0 0
11042020 467 0.6 0 0 0 4.2 7.3 0 0.1 0 0 0 0 0 0 0 0 0 0 0 0 0 0 0 0 0 0 0
12042020 468 8.8 1.9 3.1 7.5 7.2 3 12.6 1.5 4.1 2.3 1.5 0 0 15 0 0 0 0 0 0 0 1.2 7.2 8.5 0 3.2 4.1
13042020 469 1.6 0 0 0 0 0 0.6 0 3.4 1.6 16.5 38.8 0 0.1 0 1.3 1.7 0 0 0 2.9 12.7 1.8 0 0 0 0
14042020 470 0 0 0 0 0 0 0 0 0 2.2 0 0 0 3.1 0 0 3.3 0.4 0 0 2.9 0 0 0.4 0.1 0 3.9
15042020 471 1.3 0 0 0 3.4 0.3 0 0 0.4 0 0 0 0 0.1 0 0 0 0 0 0 0 0 0 0 0 0 0
16042020 472 5.4 1.1 0 2.5 1.5 18.1 0 0.3 5.3 11.1 0.8 0 0 20.1 2.5 0.3 0 0 7.4 0 0 0.1 5 3.9 0.2 6.1 10.7
17042020 473 0.5 0 0 5.9 0 0 0 0 0.1 3.2 3.9 10.3 40 3.2 8.4 4.2 4.6 3.5 0 2.8 0.8 1.3 7.9 1.2 0.5 0 1.9
18042020 474 0.5 0 0 1.7 0 0.3 0 0 0.9 0.9 1.7 29.9 0 0 0.3 2.5 13.6 0 0 10 8.4 34.4 0 0.8 0 2.5 0
19042020 475 1.1 0 0 0 0.5 2 0 4.2 0 0 2.3 0 0 17.2 3.4 0.3 4.7 14.3 15.6 0 6.6 2.2 0 1.1 17.4 5 6.8
20042020 476 0 4.2 8.6 0 0 0.5 0 0.5 5.7 0.3 0.8 0 13 1.7 3.6 0.4 0 6 0 0 0 0.2 1.5 0.8 6 3.3 3.7
21042020 477 16.6 1.6 1.2 44 3 5.7 16.6 1.2 20.2 9.2 14 63.4 6 9.8 9 19.2 21.1 2.1 23 1.7 18.9 53.1 12.3 13.9 2.3 21.7 3.3
22042020 478 9.2 4.4 1.5 7.4 21.3 13.1 19 9.1 28.8 3.9 2.7 1.2 0 16.4 2.9 0.3 0.8 0.5 16.4 0 0 4.6 2.9 16.5 33.8 23.7 8
23042020 479 4.3 13 6.7 5.1 10.7 11.5 13.2 12.2 1.6 0 12.1 18.4 0 0.1 0 1.6 1.2 0 2.2 0 0 11.3 0.7 2.3 0 0.6 0
24042020 480 19.2 8 27.6 15.8 9.9 25.2 7.4 16.5 5.3 30.1 18.1 24.2 9 7.3 33.9 29.7 8.3 29.1 33.8 33 1.7 20.3 20.4 22.4 3.1 31.5 22.6
25042020 481 4.9 0 0 10.9 0.2 7.5 0 0 19.3 14.8 9.8 85 8 33.6 5.3 7.9 42 8.1 5.4 6 44.9 36.6 5.9 8.4 29.6 10.7 13.1
26042020 482 0.3 0.4 0.8 0 0 0 0 10.4 0.4 0.1 2.3 0 0 0.1 0 3.7 2.2 0 0 14.6 3.2 0.4 6.4 0 1.6 0 0
27042020 483 8.2 6.3 11.7 1.6 22.5 22.1 23.1 18.9 7.4 8 3.8 10.7 0 7.2 6.3 4 7.7 7.6 2.2 9.3 15.5 5.9 1.6 6.7 2.1 3.1 5.7
28042020 484 0.9 10.9 2 2.9 3.2 1 0.2 3.2 2.2 0 0.7 0 12 4.7 0 0 0 0 0 0 0 0 2.8 0 0.4 0 0
29042020 485 0 0 0 0 3.5 1.4 7.9 0 0 0.4 0 0 0 1.2 0 0 0 0 0 0 0 0 0 0.3 0 0 2.9
30042020 486 0 0 0 0 4.3 0 7.5 0.5 0 0 0 0 0 0 0 0 0 0 0 0 0 0 0 0 0 0 0
01052020 487 0.7 0.1 0 0 0.4 0 0 0.4 0 0 0 0 0 0 0 0.1 3.1 0 0 0 0 0.4 0.2 0.4 0 2 0
02052020 488 0 0 0 0 2 0 0.4 1 0.9 0.5 2.7 0 0 0.3 4.6 2 0.2 2.3 0 1.8 0 0.5 0 0 0 0 0
03052020 489 4.3 0 0 0 3.4 0.5 2.5 0.1 0 0.4 0 0 0 0 0 0 0 0 1.8 0 0 0 0 0.3 0 1.7 0
04052020 490 0.1 0 0 1.6 0 0 2.9 0 0 0 0 0 0 0 0 0 0 0 0 0 0 0.1 0 0 0 0 0
05052020 491 0.5 0 0 0 2.8 1.5 4 0 0 0 0 0 0 0 0 0 1.3 0.1 0 0 1.1 0 7.2 0 0 0 0
06052020 492 4.6 2.3 0 0.2 4.9 1.8 1.8 0.9 3 5.7 2.7 0 9 0 5.6 12.9 1.4 5 0 8 0 0.9 4.4 1.1 9 0.6 5.7
07052020 493 0.3 0 0.7 0 0 0.1 0 2 1.6 0.1 3.1 0 0 0 0 0.4 0.5 0 0 0 0 0.7 1.7 0.3 0 1.3 0
08052020 494 0 0 0 0 0 0 0 0 0 0 0 0 0 0 0 0 0 0 0 0 0 0 0 0 0 0 0
09052020 495 0 0 0 0 1.4 0.6 3.2 0 0 0 0.4 0 0 0 0 0 1.5 0.2 0 0 1.3 0 0.9 0 0.1 0 0
10052020 496 0.6 0 0 4.6 0.1 2.7 0 0 0 4.4 4.1 0 0 3.5 0 2.4 0 0 0 0 0 0.2 2.9 0.6 0 2.5 3.2
11052020 497 0 0 0 0 0 0 0 0 0 2.1 0 0 0 0 3.4 0.7 2.8 0.3 0 0 4.3 0 0.6 0 0.1 0 0
12052020 498 0 0 0 0 0 0 0 0 0 0.1 0 0 0 0 0 0.1 0 0 0 0 0 0 0 0 0 0 0
13052020 499 0.3 5.4 0 0 0 0 0 0.9 0 0 0 0 0 0 0.6 0.5 0.1 1.3 0 1 0 0 0.4 0 0 0.7 0
14052020 500 1.4 0 0 2.5 4.1 0.3 3.2 0 0 0 0 0 0 0 0 0 3.3 0.4 0 0 2.9 0 0 0 0.1 0 0
15052020 501 4.6 1.9 0.7 10.5 7.9 7 3.9 1.8 0.5 0.7 5.5 0 0 0 0 0.9 1.3 0 0 0 4.5 1.3 0 0.2 0 0 0
16052020 502 0.8 3.7 0 0 1 0.3 0 0.6 5.8 2.1 13.1 17.2 9 6.1 14.1 23.2 20.8 14.2 3.4 7.4 14.1 25.4 5 13.6 0.9 2.7 5.5
17052020 503 2.9 3.6 2 0 5.8 2.2 0 0.8 3.7 0.6 19.1 2.4 8 0 3.5 6.1 7.3 3.2 8.6 15.8 3.5 5 8.8 9.8 0.4 41.4 1.6
18052020 504 1 0 0 10 1.9 1.6 4.4 0 2 2 12.2 0 10.5 0.3 0 1.6 0.2 0 0 0 0 4.1 1.3 1.6 1.2 0 0
19052020 505 7.7 29.1 15.8 13.2 0.4 6.6 0 5.6 7.6 34.8 24.2 9.3 0 12.7 43.1 20.6 3.8 16 4 8.7 2.5 4.2 38.7 15.8 19.2 14.9 23.8
20052020 506 8.9 19.5 14.1 0.3 5.9 5.6 2.7 12.7 1 7.4 5.2 31.9 0 18.5 13 35.4 17.1 18.7 28 55.4 3.4 25.8 5.4 6.1 4.2 8.8 8.2
21052020 507 5.5 9.8 7.3 14.3 5.2 9.7 1 4.8 3.4 8.7 6.4 0 0 0.2 8.4 3.1 2.8 2.1 10.4 1.7 1.7 3.2 13.8 2.7 2 15.3 3.3
22052020 508 4.5 0.6 1.3 2.1 4.2 2.5 2.4 0.9 3.9 17.9 5.9 1.7 4 0.9 18.8 7.7 7.7 11.2 10 4.7 3.4 4.7 7.5 11.6 29.6 12.3 14.1
23052020 509 3.1 0.3 0.2 10.3 3.4 4.9 10.1 1 18.8 0.4 0 0 0 1.2 0 0 2.2 0.2 1.8 0 1.6 0.1 0 3 0.1 0.5 0
24052020 510 2.7 3.3 0.5 0 4.3 1.1 3.8 3 11.9 6.4 5.3 0.2 7 11.6 11.6 26.1 5.1 10.1 20 35.3 0 1.6 7.8 9.4 1.3 15.8 4
25052020 511 10.2 4.2 11.2 0 10 20.3 12 9.7 1.8 6.9 36 48.1 73 4.9 8.7 13.2 15.1 9.5 4.4 19.3 21.3 23.4 19.1 6.2 4.8 17.5 8.8
26052020 512 1.2 0 0 0 3.9 0.3 2.2 0 3 1 0 0 0 0.6 0 0 0 0 0 0 0 0 0 0 0 0 0.8
27052020 513 2.6 1 0.7 3.6 4.7 2.4 0 1.6 0 0 0 0 0 0 0 0 0 0 0 0 0 0 1.9 0 0 0 0
28052020 514 0 0 0 0 0.6 0 0 0 1.6 0 0.3 1 4.5 0.5 0 0 0 0 0 0 0 0.7 0.4 0 0 0 0
29052020 515 6.3 3.3 3.7 9.7 12.1 3.9 9.1 3.4 7.9 25.1 29.6 12 0 14.6 24.2 26.8 8.4 14.8 7.4 17.3 1.2 5.4 21.5 7.4 9.7 9.8 17.4
30052020 516 1.2 0 0 0 4.1 0.3 0 0 3.9 0 0 7 0 0.3 0 0 0 0 2 0 0 3.5 0 0.4 0 2.5 0
31052020 517 16.9 12.2 8 10.1 11 13.6 13.6 16.1 0 0.6 0 0 0 7.5 0 0 0 0 0 0 0 0 6.8 0 1.6 0 0
01062020 518 10.4 2.6 14.9 0 1.6 13.8 3.6 7.8 7.6 4.5 1.3 0 0 4.3 0 0.1 0 0 2 0 0 0.2 5.2 4.1 3.3 3 2.4
02062020 519 0.4 0 0 0 0 0.6 0 0 1.9 1 0 0 0 0.1 6 1.4 0.1 1.9 0 1.5 0 0 0 0.4 0 2 1.8
03062020 520 0.2 15 0 0 0.2 7.1 0 0.8 0 0 0.3 0 5 0 0 0 0 0 0 0 0 0 0.8 0 0 0 0
04062020 521 0.6 0 0 0 0.1 2.7 0 0 0.5 3.2 0.9 0 0 0.1 0 0.1 0.2 0 0 0 0 1.2 0.2 0 0 0 0
05062020 522 3.4 0.4 0.8 0 6.2 1.1 9.9 2.7 4.2 4.4 0.4 0 0 0.1 4.5 7.8 7.1 2.9 0 10.3 0 1.2 4.6 0.3 1.2 0 0
06062020 523 0.1 0 0 0 0.6 4.1 0 0 0 0 0 0 0 0 0 0 0 0 0 0 0 0 0 0 0 0 0
07062020 524 2 0 0 6.4 1.7 12.6 0 0 2 3.7 0 0 0 0.4 0 0 0 0 0 0 0 0 1.5 0 0 0 0
08062020 525 15.6 2 0.9 12.1 8.6 1.7 5 5.9 6.8 10.3 4.5 0 0 2.3 17.5 17.2 5.2 10.6 12 17 2.4 1.4 4.4 3.8 14.7 8.6 9.5
09062020 526 5.5 2.9 8.3 3.1 6.7 6.1 1.2 16.1 0 12.3 2.8 0 0 7.5 12 2.5 0.1 0 1.6 0 0 0.1 2.8 0.9 5.8 2.9 7.4
10062020 527 1.4 5.6 3 0 17.6 5.7 35.5 12.5 2.1 0.9 1 0 0 0.5 4 0.7 0 0 0 0 0 0 0.6 0.7 0 2.7 0.8
11062020 528 13.1 5.5 10.4 6.3 11.4 12.6 18.6 6.8 0.2 3.4 1.7 5.3 0 0 0.5 0.8 6.5 1.1 13.2 0.8 9.5 1.2 6.5 0.7 4 6.6 1.5
12062020 529 0 0 0.8 0 0 0.1 0 0 3 0 0 0 0 0 0.6 2.3 1.1 1.3 4 9 0 0.1 0.7 1.1 0 1 0
13062020 530 0 0 0 0 0 0 0 0 0 0 0 0 0 0 0 0 0.2 0 0 0 0.8 0 0 0 0 0 0
14062020 531 0.1 0 0 0 0.1 3.4 0 0 0 0 0 0 0 0 0 0 0 0 0 0 0 0 0 0 0 0 0
15062020 532 0 0 0 0 0 0 0 2.7 0 0 0 0 0 0 0 0 0 0 0 0 0 0 0 0 0 0 0
16062020 533 2.1 0.5 0 3.7 7.9 3.7 12.9 2.6 1.1 0.1 1.3 0 0 0 0 0 0 0 0 0 0 0 0.2 0 0 0 0
17062020 534 3 0 0 0 8 0.8 0.4 0.1 8.9 0.8 0 0 0 7.9 0 0 0 0 0 0 0 0 0 1.4 0 0 6.4
18062020 535 1.2 0 0.6 0 0.1 4.5 0.4 1.4 4.2 6.8 0 0 0 11.3 0 0.1 0 0 2 0 0 0 9.8 6.9 0 3 0.9
19062020 536 0 0 3.8 0 0 1.2 0 0.4 0 0 0 0 0 0 0 0 0 0 0 0 0 0 0 0 0 0 0
20062020 537 1.3 0 0 0 0 0 0 0 0 0.1 0 0 0 0 0.5 0.5 1.3 1.1 4 0.8 0 1.7 0 0.1 0 1 0
21062020 538 0 0 0 0 0 0 0 0 0 0 0 0 0 0 0 0 0 0 2.4 0 0 0 0 0 0 0.6 0
22062020 539 0 0 0 0 0 0 0 0 0 0 0 0 0 0 0 0 0 0 0 0 0 0 0 0 0 0 0
23062020 540 0 0 0 0 0 0 0 0 0 0 0 0 0 0 0 0 0 0 0 0 0 0 0 0 0 0 0
24062020 541 0 0 0 0 0 0 0 0 0 0 0 0 0 0 0 0 0 0 0 0 0 0 0 0 0 0 0
25062020 542 0 0 0 0 0 0 0 0 0 0.2 0 0 0 0.8 0 0 0 0 0 0 0 0 0 0.2 0 0 1.9
26062020 543 0 0 0 0 0 0 0 0 0 0 0 0 0 0 0 0 0 0 0 0 0 0 0 0 0 0 0
27062020 544 0 0 0 0 0 0 0 0 0 0 0 0 0 0 0 0 0 0 0 0 0 0 0 0 0 0 0
28062020 545 0 0 0 0 0 0 0 0 0 0 0 0 0 0 0 0 0 0 0 0 0 0 0 0 0 0 0
29062020 546 0.1 0 0 0 0.2 5.1 0 1.1 3.6 0 0 1.2 0 1.1 0 0 0.8 0 0 0 4.2 0 0 0 0 0 0
30062020 547 2.6 0 0 0 0.1 0.9 0.4 0 9.2 0 0 0 0 0.1 0 0 0 0 1.2 0 0 0 0 4.8 0 0.5 0
01072020 548 0 0 0 0 0 0 0 0 0 0 0 0 0 0 0 0 0 0 0 0 0 0 0 0 0 0 0
02072020 549 0 0 0 0 0.1 2 0 0 0 0 0 0 0 0 0 0 0 0 0 0 0 0 0 0 0 0 0
03072020 550 0.1 0 0 0 0 1.4 0 0 0 0.2 0 0 0 0 0 0 0 0 0 0 0 0 0 0 0 0 0
04072020 551 0 0 0 0 0 0 0 0 0 0 0 0 0 0 0 0 0 0 0 0 0 0 0 0 0 0 0
05072020 552 0 0 0 0 0.1 2.4 0 0 0 0 0 0 0 0 0 0 0 0 0 0 0 0 0 0 0 0 0
06072020 553 7.2 3.4 8.3 7.7 15.1 12.4 31 2.8 16.1 24.2 9 0 0 29.4 7.3 5.9 0.3 8.6 27 3.7 0 0.3 18 25.1 9.9 31.5 23.3
07072020 554 29.3 12.2 5.5 29.4 15.2 8.6 15.3 19.9 14.9 9.2 4.3 0 15 13.2 0 1.3 0 0 3.6 0 0 0.6 7.1 3.1 0 7 0
08072020 555 0 0 0 0 0 0 0 0 0 0 0 0 0 0 0 0 0 0 0 0 0 0 0 0 0 0 0
09072020 556 0 0 0 0 0 0 0 0 0 0 0 0 0 0 0 0 0 0 0 0 0 0 0 0 0 0 0
10072020 557 0.1 0 0 0 0.4 4.1 0 0 0 0.1 7.6 0 0 0 0 1.1 0 0 0 0 0 1.3 0 0 0 0.2 0
11072020 558 6 25.9 3.4 12.2 0.1 5.9 0 5.6 9.7 13.4 23.6 0 40 9.4 5.4 24.1 7 11.4 5 29 0 1.4 21.7 12.7 5.3 18.9 5.3
12072020 559 0 0 0 0 0.1 0 0 0 0 0 0.1 0 0 0 0 1.3 0 0 0 0 0 0.1 0 0 0 0 0
13072020 560 0 0 0 0 0 0 0 0 0 1.4 7.2 0 0 1.3 0 2 0.2 0 0 0 0 1.2 0.2 0.1 1 0.5 0.3
14072020 561 0 0 0 0 0 0 0 0 0 0 0 0 0 0 0.8 0 0 3.3 0 0 0 0 0 0 0.5 0 1.2
15072020 562 1.1 0 0 0 0 0 0 0 0 0 0 0 0 0 0 0 0 0 0 0 0 0 0.3 0 0 0 0
16072020 563 0 0 0 0 0 0.7 0 0 0 0 0 0 0 0 0 0 0 0 0 0 0 0 0 0 0 0 0
17072020 564 0.2 0 0 0 0 0.2 0 0 0.5 7.3 2.2 0 0 0 2.4 2.8 0.4 7 5.4 2.5 0 0.1 6.6 1.1 0.6 6.6 2.6
18072020 565 0.2 0 0 1.8 0 0 0 0 0 0.1 0 0 0 0 0 0 0 0 0 0 0 0 4 0 0 0 0
19072020 566 0 0 0 0 0 0 0 0 0 0 0 0 0 0 0 0 0 0 0 0 0 0 0 0 0 0 0
20072020 567 0.3 0 0 0 0.1 2.4 0 0 8.6 2.4 0 0 0 1.4 0 0 0 0 0 0 0 0 4.9 3.1 0 0.5 0.1
21072020 568 1.7 0 3.3 0 0 1.7 0.7 0 7 10.9 19.1 1.2 0 1.7 2.4 8.6 0.5 6.6 15.2 2.7 0 1.5 15.8 13.3 0.6 12.9 1.3
22072020 569 0 0 0 0 0 0 0 0 0 0 0 0 0 0 0 0 0 0 0 0 0 0 0 0 0.2 2.8 0
23072020 570 0 0 0 0 0.1 0 0 0 0 0 0 0 0 0 0 0 0 0 0 0 0 0 0 0 0 0 0
24072020 571 0 0 0 0 0 0 0 0 0 0 0 0 0 0 0 0 0 0 0 0 0 0 0 0 0 0 0
25072020 572 0 0 0 0 0 0 0 0 0 0 0 0 0 0 0 0 0 0 0 0 0 0 0 0 0 0 0
26072020 573 0 0 0 0 0 0 0 0 0 0 0 0 0 0 0 0 0 0 0 0 0 0 0 0 0 0 0
27072020 574 0 0 0 0 0 0 0 0 0 0 0 0 0 0 0 0 0 0 0 0 0 0 0 0 0 0 0
28072020 575 0 0 0 0 0 0 0 0 0 0 0 0 0 0 0 0 0 0 0 0 0 0 0 0 0 0 0
29072020 576 0 0 0 0 0 0 0 0 0 0 0 0 0 0 0 0 0 0 0 0 0 0 0 0 0 0 0
30072020 577 4.5 0 0.5 15.5 0.3 1.1 0.7 0.1 3.6 2.7 0 0 0 0.6 0 0 0 0 0 0 0 0 2.5 0.3 0 0 0
31072020 578 0 0 0 0 0 0 0 0 0 0 0 0 0 0 0 0 0 0 0 0 0 0 0 0 0 0 0
01082020 579 0 0 0 0 0 0 0 0 0 0 0 0 0 0 0 0 0 0 0 0 0 0 0 0 0 0 0
02082020 580 0 1.4 0 0 0.5 0 0.5 0.2 0 0 0.6 0 0 0 0 0 0 0 0 0 0 0 0.1 0 0 0 0
03082020 581 0 0 0 0 0 0 0 0 6.6 0 0 0 0 0.2 0 0 0 0 0 0 0 0 0 0 0 0 0
04082020 582 0 0 0 0 0 0 0 0 0 0 0 0 0 0 0 0 0 0 0 0 0 0 0 0 0 0 0
05082020 583 0 0 0 0 0 0 0 0 0 0 0 0 0 0 0 0 0 0 0 0 0 0 0 0 0 0 0
06082020 584 0 0 0 0 0 0 0 0 0 0 0 0 0 0 0 0 0 0 0 0 0 0 0 0 0 0 0
07082020 585 0 0 0 0 0 0 0 0 0 0 0 0 0 0 0 0 0 0 0 0 0 0 0 0 0 0 0
08082020 586 0 0 0 0 0 0 0 0 0 0 0 0 0 0 0 0 0 0 0 0 0 0 0 0 0 0 0
09082020 587 0 0 0 0 0 0 0 0 0 0 0 0 0 0 0 0 0 0 0 0 0 0 0 0 0 0 0
10082020 588 0 0 0 0 0 0 0 0 0 0 0 0 0 0 0 0 0 0 0 0 0 0 0 0 0 0 0
11082020 589 0 0 0 0 0 0 0 0 0 0 0 0 0 0 0 0 0 0 0 0 0 0 0 0 0 0 0
12082020 590 0 0 0 0 0 0 0 0 0 0 0 0 0 0 0 0 0 0 0 0 0 0 0 0 0 0 0
13082020 591 0 0 0 0 0 0 0 0 0 0 0 0 0 0 0 0 0 0 0 0 0 0 0 0 0 0 0
14082020 592 0 0 0 0 0 0 0 0 0 0 0 0 0 0 0 0 0 0 0 0 0 0 0 0 0 0 0
15082020 593 0 0 0 0 0 0 0 0 0 0 0 0 0 0 0 0 0 0 0 0 0 0 0 0 0 0 0
16082020 594 0 0 0 0 0 0 0 0 0 0 0 0 0 0 0 0 0 0 0 0 0 0 0 0 0 0 0
17082020 595 0 0 0 0 0 0 0 0 0 0 0 0 0 0 0 0 0 0 0 0 0 0 0 0 0 0 0
18082020 596 0 0 0 0 0 0 0 0 0 0 0 0 0 0 0 0 0 0 0 0 0 0 0 0 0 0 0
19082020 597 0 0 0 0 0 0 0 0 0 0 0 0 0 0 0 0 0 0 0 0 0 0 0 0 0 0 0
20082020 598 0 0 0 0 0 0 0 0 0 0 0 0 0 0 0 0 0 0 0 0 0 0 0 0 0 0 0
21082020 599 0 0 0 0 0 0 0 0 0 0 0 0 0 0 0 0 0 0 0 0 0 0 0 0 0 0 0
22082020 600 0.1 0 0 0 0 0 0 0 0 0 0 0 0 0 0 0 0 0 0 0 0 0 0 0 0 0 0
23082020 601 0 0 0 0 0 0 0 0 0 0 0 0 0 0 0 0 0 0 0 0 0 0 0 0 0 0 0
24082020 602 0 0 0 0 0 0 0 0 0 0 0 0 0 0 0 0 0 0 0 0 0 0 0 0 0 0 0
25082020 603 0 0 0 0 0 0 0 0 0 0 0 0 0 0 0 0 0 0 0 0 0 0 0 0 0 0 0
26082020 604 0 0 0 0 0 0 0 0 0 0 0 0 0 0 0 0 0 0 0 0 0 0 0 0 0 0 0
27082020 605 0 0 0 0 0 0 0 0 0 0 0 0 0 0 0 0 0 0 0 0 0 0 0 0 0 0 0
28082020 606 0 0 0 0 0 0 0 0 0 0 0 0 0 0 0 0 0 0 0 0 0 0 0 0 0 0 0
29082020 607 0 0 0 0 0 0 0 0 0 0 0 0 0 0 0 0 0 0 0 0 0 0 0 0 0 0 0
30082020 608 0 0 0 0 0 0 0 0 0 0 0 0 0 0 0 0 0 0 0 0 0 0 0 0 0 0 0
31082020 609 0 0 0 0 0 0 0 0 0 0 0 0 0 0 0 0 0 0 0 0 0 0 0 0 0 0 0
01092020 610 0 0 0 0 0 0 0 0 0 0 0 0 0 0 0 0 0 0 0 0 0 0 0 0 0 0 0
02092020 611 2.1 4.6 0.1 0.2 0 1.5 0 0.4 0.5 2.6 2.3 0 0 1.1 1.1 0 0 4.4 4.4 0 0 0 2.5 8.2 7.7 14 3.7
03092020 612 0 0 0 0 0 0 0 0 0 0 0 0 0 0 2.5 2.2 0.4 5.4 0 4.3 0 0 0 0 0 0 0
04092020 613 0 0 0 0 0 0 0 0 0 0 0 0 0 0 0 0 0.4 0 0 0 0 0.1 0 0 0 0 0
05092020 614 0 0 0 0 0 0 0 0 0 0 0 0 0 0 0 0 0 0 0 0 0 0 0 0 0 0 0
06092020 615 0 0 0 0 0 0 0 0 0 0 0 0 0 0 0 0 0 0 0 0 0 0 0 0 0 0 0
07092020 616 0 0 0 0 0 0 0 0 0 0 0 0 0 0 0 0 0 0 0 0 0 0 0 0 0 0 0
08092020 617 0 0 0 0 0 0 0 0 0 0 0 0 0 0 0 0 0 0 0 0 0 0 0 0 0 0 0
09092020 618 0 0 0 0 0 0 0 0 0 0 0 0 0 0 0 0 0 0 0 0 0 0 0 0 0 0 0
10092020 619 0 0 0 0 0 0 0 0 0 0 0 0 0 0 0 0 0 0 0 0 0 0 0 0 0 0 0
11092020 620 0 0 0 0 0 0 0 0 0 0 0 0 0 0 0 0 0 0 0 0 0 0 0 0 0 0 0
12092020 621 0 0 0 0 0 0 0 0 0 0 0 0 0 0 0 0 0 0 0 0 0 0 0 0 0 0 0
13092020 622 0 0 0 0 0 0 0 0 0 0 0 0 0 0 0 0 0 0 0 0 0 0 0 0 0 0 0
14092020 623 0 0 0 0 0 0 0 0 0 0 0 0 0 0 0 0 0 0 0 0 0 0 0 0 0 0 0
15092020 624 0 0.6 0.4 0 0 0.2 0 0.9 0 0 0 0 0 0 0 0 0 0 0 0 0 0 0 0 0 0 0
16092020 625 0 0 0 0 0 0 0 0 0 0 0 0 0 0 0 0 0 0 0 0 0 0 0 0 0 0 0
17092020 626 0 0 0 0 0 0 0 0 0 0 0 0.6 0 0 0 0 0 0 0 0 0 0 0 0 0 0 0
18092020 627 0 0 0 0 0 0 0 0 0 0 0 0 0 0 0 0 0 0 0 0 0 0 0 0 0 0 0
19092020 628 0 0 0 0 0 0 0 0 0 0 0 0 0 0 0 0 0 0 0 0 0 0 0 0 0 0 0
20092020 629 0 0 0 0 0 0 0 0 0 0 0 0 0 0 0 0 0 0 0 0 0 0 0 0 0 0 0
21092020 630 0 0 0 0 0 0 0 0 0 0 0 0 0 0 0 0 0 0 0 0 0 0 0 0 0 0 0
22092020 631 0 0 0 0 0 0 0 0 0 0 0 0 0 0 0 0 0 0 0 0 0 0 0 0 0 0 0
23092020 632 0 0 0 0 0 0 0 0 0 0 0 0 0 0 0 0 0 0 0 0 0 0 0 0 0 0 0
24092020 633 0 0 0 0 0 0 0 0 0 0 0 0 0 0 0 0 0 0 0 0 0 0 0 0 0 0 0
25092020 634 0 0 0 0 0 0 0 0 0 0 0 0 0 0 0 0 0 0 0 0 0 0 0 0 0 0 0
26092020 635 0 0 0 0 0 0 0 0 0 0 0 0 0 0 0 0 0 0 0 0 0 0 0 0 0 0 0
27092020 636 0 0 0 0 0 0 0 0 0 0 0 0 0 0 0 0 0.9 0 0 0 4.7 0 0 0 0 0 0
28092020 637 0 0 0 0 0 0 0 0 0 0 0 0 0 0 0 0 0 0 0 0 0 0 0 0 0 0 0
29092020 638 0 0 0 0 0 0 0 0 0 0 0 0 0 0 0 0 0 0 0 0 0 0 0 0 0 0 0
30092020 639 0 0 0 0 0 0 0 0 0 0 0 0 0 0 0 0 0 0 0 0 0 0 0 0 0 0 0
01102020 640 0 0 0 0 0 0 0 0 0 0 0 0 0 0 0 0 0 0 0 0 0 0 0 0 0 0 0
02102020 641 0 0 0 0 0 0 0 0 0 0 0 0 0 0 0 0 0 0 0 0 0 0 0 0 0 0 0
03102020 642 0 0 0 0 0 0 0 0 0 0 0 0 0 0 0 0.5 0.2 0 0 2 0 0 0 0 0 0 0
04102020 643 0 0 0 0 0 0 0 0 0 0 0 0 0 0 0 1.1 0.5 0 0 4.7 0 0 0 0 0 0 0
05102020 644 0 0 0 0 0 0 0 0 0 0 0 0 0 0 0 0 0 0 0 0 0 0 0 0 0 0 0
06102020 645 0 0 0 0 0 0 0 0 0 0 0 0 0 0 0 0 0 0 0 0 0 0 0 0 0 0 0
07102020 646 0 0 0 0 0 0 0 0 0 0 0 0 0 0 0 0 0 0 0 0 0 0 0 0 0 0 0
08102020 647 0 0 0 0 0 0 0 0 0 0 0 0 0 0 0 0 0 0 0 0 0 0 0 0 0 0 0
09102020 648 0 0 0 0 0 0 0 0 0 0 0 0 0 0 0 0 0 0 0 0 0 0 0 0 0 0 0
10102020 649 0 0 0 0 0 0 0 0 0 0 0 0 0 0 0 0 0 0 0 0 0 0 0 0 0 0 0
11102020 650 0 0 0 0 0 0 0 0 0 0 0 0 0 0 0 0 0 0 0 0 0 0 0 0 0 0 0
12102020 651 0 0 0 0 0 0 0 0 0 0 0 0 0 0 0 0 0 0 0 0 0 0 0 0 0 0 0
13102020 652 0 0 0 0 0 0 0 0 0 0 0 0 0 0 0 0 0 0 0 0 0 0 0 0 0 0 0
14102020 653 0 0 0 0 0 0 0 0 0 0 0 0 0 0 0 0 0 0 0 0 0 0 0 0 0 0 0
15102020 654 0 0 0 0 0 0 0 0 0 0 0 0 0 0 0 0 0 0 0 0 0 0 0 0 0 0 0
16102020 655 0 0 0 0 0 0 0 0 0 0 0 0 0 0 0 0 0 0 0 0 0 0 0 0 0 0 0
17102020 656 0 0 0 0 0 0 0 0 0 0 0 0 0 0 0 0 0 0 0 0 0 0 0 0 0 0 0
18102020 657 0 0 0 0 0 0 0 0 0 0 0 0 0 0 0 0 0 0 0 0 0 0 0 0 0 0 0
19102020 658 0 0 0 0 0 0 0 0 0 0 0 0 0 0 0 0 0 0 0 0 0 0 0 0 0 0 0
20102020 659 0 0 0 0 0 0 0 0 0 0 0 0 0 0 0 0 0 0 0 0 0 0 0 0 0 0 0
21102020 660 0 0 0 0 0 0 0 0 0 0 0 0 0 0 0 0 0 0 0 0 0 0 0 0 0 0 0
22102020 661 0 0 0 0 0 0 0 0 0 0 0 0 0 0 0 0 0 0 0 0 0 0 0 0 0 0 0
23102020 662 0 0 0 0 0 0 0 0 0 0 0 0 0 0 0 0 0 0 0 0 0 0 0 0 0 0 0
24102020 663 0 0 0 0 0 0 0 0 0 0 0 0 0 0 0 0 0 0 0 0 0 0 0 0 0 0 0
25102020 664 0 0 0 0 0 0 0 0 0 0 0 0 0 0 0 0 0 0 0 0 0 0 0 0 0 0 0
26102020 665 0 0 0 0 0 0 0 0 0 0 0 0 0 0 0 0 0 0 0 0 0 0 0 0 0 0 0
27102020 666 0 0 0.2 0 0 0 0 0 0 0 0 0 0 0 0 0 0 0 0 0 0 0 0.2 0 0 0 0
28102020 667 0 0 0 0 0 0 0 0 0 0 0 0 0 0 0 0 0 0 0 0 0 0 0 0 0 0 0
29102020 668 0 0 0 0 0 0 0 0 0 0 0 0 0 0 0 0 0 0 0 0 0 0 0 0 0 0 0
30102020 669 0 0 0 0 0 0 0 0 0 0 0 0 0 0 0 0 0 0 0 0 0 0 0 0 0 0 0
31102020 670 0 0 0 0 0 0 0 0 0 0 0 0 0 0 0 0 0 0 0 0 0 0 0 0 0 0 0
01112020 671 0 0 0 0 0 0 0 0 0 0 0 0 0 0 0 0 0 0 0 0 0 0 0 0 0 0 0
02112020 672 0 0 0 0 0 0 0 0 0 0 0 0 0 0 0 0 0 0 0 0 0 1.7 0 0 0 0 0
03112020 673 0 0 0 0 0 0 0 0 0.6 0 1 17.4 0 0 3.1 2 4.6 8.9 24 3.3 0 5.1 0 2.3 23.6 10.3 4.7
04112020 674 0 1.7 0 0 0 0 0 0.1 0.2 0.6 0 0 0 0 1.5 1.3 0.2 3.2 1.8 2.5 0 0 0.6 0.2 1 0.6 0.3
05112020 675 0 0 0 0 0 0 0 0 2.3 0 0.7 0 0 0.4 0 0 0.4 0 0 0 1.8 0 0.1 0 0 0 0
06112020 676 0 0 0 0 0 0 0 0 0 0 0 0 0 0 0 0 0 0 0 0 0 0 0 0 0 0 0
07112020 677 0 0 0 0 0 0 0 0 0 0 0 0 0 0 0 0 0 0 0 0 0 0 0 0 0 0 0
08112020 678 0 0 0 0 0 0 0 0 0 0 0 0 0 0 0 0 0 0 0 0 0 0 0 0 0 0 0
09112020 679 0 0 0 0 0 0 0 1.2 0 0 0 0 0 0 0 0 0 0 0 0 0 0 0 0 0 0 0
10112020 680 3.5 7.7 0.7 0 6.9 3.1 10.7 2.6 0 3.6 2.7 1.5 0 0 3.7 2.3 1 2.5 0 4 0 2.8 0.6 0 0 0 0
11112020 681 0 0 0 0 0 0 0 0 0 0.4 0 3 0 0 1.7 0.4 0 0 0 0 0 1.2 0 0.1 0 0.4 0
12112020 682 0 0 0 0 0 0 0 0 0 0 0 0 0 0 0 0 0.3 0 0 0 0 0.1 0 0 0 0 0
13112020 683 0 0 0 0 0 0 0 0 0 0 0 0 0 0 0 0 0 0 0 0 0 0 0 0 0 0 0
14112020 684 0 0 0 0 0 0 0 0 0 0 0 0 0 0 0 0 0 0 0 0 0 0 0 0 0 0 0
15112020 685 0 0 0 0 0 0 0 0 0 0 0 0 0 0 0 0 0 0 0 0 0 0 0 0 0 0 0
16112020 686 0 0 0 0 0 0 0 0 0 0 0 0 0 0 0 0 0 0 0 0 0 0 0 0 0 0 0
17112020 687 0.2 0 0 1.8 0 0 0 0 0 0.1 0 0 0 0 0 0 0.4 0 0 0 0 1 0 0 0 0 0
18112020 688 0 0 0 0 0 0 0 0 0 0 0 0 0 0 0 0 0 0 0 0 0 0 0 0 0 0 0
19112020 689 0 0 0 0 0 0 0 0 0 0 0 0 0 0 0 0 0 0 0 0 0 0 0 0 0 0 0
20112020 690 0.1 0 0 0 0 0 0 0 0 7.6 0 0 0 0 20.9 7.7 5.4 4.2 0 6 15 4.4 0.6 0 0 0 0
21112020 691 0 0 0 0 0.9 0 0.9 0.2 0 2.4 0 0.7 0 0 2.4 0.6 0 0 0 0 0 0.5 0 0 0 0 0
22112020 692 0 0 0 0 0 0 0 0 0.6 0 0.8 0.5 0 0 0 0 0 0 0 0 0 0.3 0.1 0 0 0 0
23112020 693 0 0 0 0 0 0 0 0 0 0 0 0 0 0 0 0 0 0 0 0 0 0 0 0 0 0 0
24112020 694 0 0 0 0 0 0 0 0 0 0 0 0 0 0 0 0 0 0 0 0 0 0 0 0 0 0 0
25112020 695 0 0 0 0 0 0 0 0 0 0 0 0 0 0 0 0 0 0 0 0 0 0 0 0 0 0 0
26112020 696 0 0 0 0 0 0 0 0 0 0 0 0 0 0 0 0 0.7 0 0 0 0 0.3 0 0 0 0 0
27112020 697 0 0 0 0 0 0 0 0 0 0 0 0 0 0 0 0 0 0 0 0 0 0 0 0 0 0 0
28112020 698 0 0 0 0 0 0 0 0 0 0 0 0 0 0 0 0 0 0 0 0 0 1.2 0 0 0 0 0
29112020 699 0 0 0 0 0 0 0 0 0 0 0.5 0.3 0 0 0 0 0 0 0 0 0 0.5 0 0 0 0 0
30112020 700 0 0 0 0 0 0 0 0 0 0 0 0 0 0 0 0 0 0 0 0 0 0 0 0 0 0 0
01122020 701 0 0 0 0 0 0 0 0 0 0 0 0 0 0 0 0 0 0 0 0 0 0 0 0 0 0 0
02122020 702 0 0 0 0 0 0 0 0 0 0.1 0 0 0 0 0 0 0 0 0 0 0 0 0 0 0 0.1 0
03122020 703 0.1 0 0 0.9 0 0 0 0 0 0.5 0 0 0 0 0 0.1 0 0 0 0 0 0 0.1 0 0 0 0
04122020 704 1.6 1.8 0 0 0.1 0 0 0.4 0 0 0 0 0 0 0 0 0 0 0 0 0 0 0 0 0 0 0
05122020 705 0 0 0 0 0 0 0 0 0 0 0 0 0 0 0 0 0 0 0 0 0 0 0 0 0 0 0
06122020 706 0 0 0 0 0 0 0 0 0 0 0 0 0 0 0 0 0 0 0 0 0 0 0 0 0 0 0
07122020 707 0 0 0 0 0 0 0 0 0 0 0 0 0 0 0 0 0 0 0 0 0 0 0 0 0 0 0
08122020 708 0 0 0 0 0 0 0 0 0 0 0 0 0 0 0 0 0.1 0 0 0 0 0.3 0 0.1 0 0.6 0
09122020 709 0 0 0 0 0 0 0 0 0 0 0 0 0 0 0 0 0 0 0 0 0 0 0 0 0 0 0
10122020 710 0 0 0 0 0 0 0 0 0 0 0 0 0 0 0 0 0 0 0 0 0 0 0 0 0 0 0
11122020 711 0 0 0 0 0 0 0 0 0 0 0 0 0 0 0 0 0 0 0 0 0 0 0 0 0 0 0
12122020 712 0 0 0 0 0 0 0 0 0 0 0 0 0 0 0 0 0 0 0 0 0 0 0 0 0 0 0
13122020 713 0 0 0 0 0 0 0 0 0 0 0 0 0 0 0 0 0 0 0 0 0 0 0 0 0 0 0
14122020 714 0 0 0 0 0 0 0 0 0 0 0 0 0 0 0 0 0 0 0 0 0 0.1 0 0 0 0 0
15122020 715 0 0 0 0 0 0 0 0 0 0 0 0 0 0 0 0 0 0 0 0 0 0 0 0 0 0 0
16122020 716 0 0 0 0 0 0 0 0 0 0 0 0 0 0 0.4 0 0 1.6 0 0 0 0 0 0 0.3 0.2 0.6
17122020 717 0.8 0.7 0.4 1.8 1.2 1 0.2 0.9 0 0.9 0 2.3 0 0 0 0 0.1 0 0 0 0 1.9 0.1 1.5 0 0 0
18122020 718 4 0 0 0 1.2 0.7 0 0 3.5 2.7 0 0 0 0.2 1.1 0 0 4.4 0 0 0 0 0 1.5 8.8 1.9 5.6
19122020 719 3.9 0 0 0.1 0.1 1 0 0 0 0 0 0 0 0 0 0 0 0 0 0 0 0 0 0 0 0 0
20122020 720 0 0 0 0 0 0 0 0 0 0 0 0 0 0 0 0 0 0 0 0 0 0 0 0 0 0 0
21122020 721 0.1 0 0 0 0.3 0.1 0 0 0 0.3 0 0 0 0 2 0.6 0 0.4 0 0.3 0 0 0 0 0 0 0
22122020 722 0.1 0 0 0 0 0 0 0 0 0.1 0 0 0 0 0 0 0 0 0 0 0 0 0 0 0 0 0
23122020 723 0 0 0 0 0 0 0 0 0 0 0 0 0 0 0 0 0 0 0 0 0 0 0 0 0 0 0
24122020 724 0 0 0 0 0 0 0 0 0 0 0 0 0 0 0 0 0 0 0 0 0 0 0 0 0 0 0
25122020 725 0 1.1 0.7 0 0 1.5 0 1.4 0 0 0 0 0 0 0 0 0 0 0 0 0 0 0.1 0 0 0 0
26122020 726 0 0 0 0 0 0 0 0 0 0 0 0 0 0 0 0 0 0 0 0 0 0 0 0 0 0 0
27122020 727 0 0 0 0 0 0 0 0 0 0 0 0 0 0 0 0 0 0 0 0 0 0 0 0 0 0 0
28122020 728 0 0 0 0 0 0 0 0 0 0 0 0 0 0 0 0 0 0 0 0 0 0 0 0 0 0 0
29122020 729 0 0 0 0 0 0 0 0 0 0 0 0 0 0 0 0 0 0 0 0 0 0 0 0 0 0 0
30122020 730 0 0 0 0 0 0 0 0 0 0 0 0 0 0 0 0 0 0 0 0 0 0 0 0 0 0 0
31122020 731 0 0 0 0 0 0 0 0 0 0 0 0 0 0 0 0 0 0 0 0 0 0 0 0 0 0 0
