Specification of the rainy season (per year)
for the interpolation o temporal distribution of  vegetation characteristics (Rootdepth, height, lai, albedo)
Subasin Year (Start-30) Startday Endday (End+30)
123	1981	-29	1	178	208
125	1981	-29	1	179	209
126	1981	-29	1	179	209
127	1981	-29	1	177	207
134	1981	-29	1	178	208
137	1981	-29	1	178	208
138	1981	-29	1	172	202
139	1981	-29	1	179	209
142	1981	-29	1	169	199
143	1981	-29	1	177	207
144	1981	-29	1	177	207
145	1981	-29	1	177	207
146	1981	-29	1	177	207
147	1981	-29	1	174	204
148	1981	-28	2	174	204
149	1981	-29	1	177	207
150	1981	-29	1	179	209
151	1981	-28	2	174	204
152	1981	-29	1	167	197
153	1981	-29	1	174	204
154	1981	-29	1	171	201
155	1981	-29	1	179	209
156	1981	-29	1	178	208
157	1981	-29	1	171	201
158	1981	-29	1	171	201
159	1981	-29	1	171	201
160	1981	-29	1	174	204
123	1982	-25	5	177	207
125	1982	-25	5	177	207
126	1982	-25	5	177	207
127	1982	-25	5	177	207
134	1982	-22	8	177	207
137	1982	-25	5	177	207
138	1982	-22	8	177	207
139	1982	-24	6	177	207
142	1982	-27	3	179	209
143	1982	-26	4	179	209
144	1982	-26	4	179	209
145	1982	-26	4	177	207
146	1982	-26	4	179	209
147	1982	-26	4	179	209
148	1982	-26	4	179	209
149	1982	-26	4	179	209
150	1982	-26	4	177	207
151	1982	-27	3	179	209
152	1982	-27	3	179	209
153	1982	-26	4	179	209
154	1982	-26	4	177	207
155	1982	-26	4	179	209
156	1982	-26	4	179	209
157	1982	-27	3	179	209
158	1982	-27	3	179	209
159	1982	-27	3	179	209
160	1982	-26	4	179	209
123	1983	-29	1	175	205
125	1983	-29	1	175	205
126	1983	-29	1	175	205
127	1983	-29	1	175	205
134	1983	-29	1	175	205
137	1983	-29	1	175	205
138	1983	-29	1	175	205
139	1983	-29	1	175	205
142	1983	-29	1	178	208
143	1983	-29	1	178	208
144	1983	-29	1	175	205
145	1983	-29	1	169	199
146	1983	-29	1	174	204
147	1983	-29	1	178	208
148	1983	-29	1	178	208
149	1983	-29	1	175	205
150	1983	-29	1	169	199
151	1983	-29	1	178	208
152	1983	-29	1	176	206
153	1983	-29	1	175	205
154	1983	-29	1	168	198
155	1983	-29	1	169	199
156	1983	-29	1	175	205
157	1983	-29	1	178	208
158	1983	-29	1	178	208
159	1983	-29	1	178	208
160	1983	-29	1	178	208
123	1984	-27	3	181	211
125	1984	-27	3	181	211
126	1984	-27	3	181	211
127	1984	-27	3	181	211
134	1984	-27	3	181	211
137	1984	-27	3	181	211
138	1984	-27	3	181	211
139	1984	-27	3	181	211
142	1984	-27	3	182	212
143	1984	-27	3	181	211
144	1984	-27	3	181	211
145	1984	-27	3	181	211
146	1984	-27	3	181	211
147	1984	-27	3	182	212
148	1984	-27	3	181	211
149	1984	-27	3	181	211
150	1984	-27	3	181	211
151	1984	-27	3	181	211
152	1984	-27	3	182	212
153	1984	-27	3	181	211
154	1984	-28	2	181	211
155	1984	-27	3	181	211
156	1984	-27	3	181	211
157	1984	-27	3	182	212
158	1984	-27	3	182	212
159	1984	-27	3	182	212
160	1984	-27	3	182	212
123	1985	-29	1	181	211
125	1985	-29	1	181	211
126	1985	-29	1	181	211
127	1985	-29	1	181	211
134	1985	-29	1	181	211
137	1985	-29	1	181	211
138	1985	-29	1	181	211
139	1985	-29	1	181	211
142	1985	-29	1	181	211
143	1985	-29	1	181	211
144	1985	-29	1	181	211
145	1985	-29	1	181	211
146	1985	-29	1	181	211
147	1985	-29	1	181	211
148	1985	-29	1	181	211
149	1985	-29	1	181	211
150	1985	-29	1	181	211
151	1985	-29	1	181	211
152	1985	-29	1	181	211
153	1985	-29	1	181	211
154	1985	-29	1	181	211
155	1985	-29	1	181	211
156	1985	-29	1	181	211
157	1985	-29	1	181	211
158	1985	-29	1	181	211
159	1985	-29	1	181	211
160	1985	-29	1	181	211
123	1986	-29	1	181	211
125	1986	-29	1	181	211
126	1986	-29	1	181	211
127	1986	-29	1	181	211
134	1986	-29	1	181	211
137	1986	-29	1	181	211
138	1986	-29	1	181	211
139	1986	-29	1	181	211
142	1986	-29	1	181	211
143	1986	-29	1	181	211
144	1986	-29	1	181	211
145	1986	-29	1	180	210
146	1986	-29	1	181	211
147	1986	-29	1	181	211
148	1986	-29	1	181	211
149	1986	-29	1	181	211
150	1986	-29	1	180	210
151	1986	-29	1	181	211
152	1986	-29	1	181	211
153	1986	-29	1	181	211
154	1986	-29	1	180	210
155	1986	-29	1	181	211
156	1986	-29	1	181	211
157	1986	-29	1	181	211
158	1986	-29	1	181	211
159	1986	-29	1	181	211
160	1986	-29	1	181	211
123	1987	-29	1	181	211
125	1987	-29	1	181	211
126	1987	-29	1	181	211
127	1987	-29	1	181	211
134	1987	-29	1	181	211
137	1987	-29	1	181	211
138	1987	-29	1	181	211
139	1987	-29	1	181	211
142	1987	-29	1	181	211
143	1987	-29	1	181	211
144	1987	-29	1	181	211
145	1987	-29	1	181	211
146	1987	-29	1	181	211
147	1987	-29	1	181	211
148	1987	-29	1	181	211
149	1987	-29	1	181	211
150	1987	-29	1	180	210
151	1987	-29	1	181	211
152	1987	-29	1	181	211
153	1987	-29	1	181	211
154	1987	-29	1	180	210
155	1987	-29	1	181	211
156	1987	-29	1	181	211
157	1987	-29	1	181	211
158	1987	-29	1	181	211
159	1987	-29	1	180	210
160	1987	-29	1	181	211
123	1988	-29	1	181	211
125	1988	-29	1	181	211
126	1988	-29	1	181	211
127	1988	-29	1	182	212
134	1988	-29	1	180	210
137	1988	-29	1	181	211
138	1988	-29	1	180	210
139	1988	-29	1	181	211
142	1988	-29	1	182	212
143	1988	-29	1	182	212
144	1988	-29	1	181	211
145	1988	-29	1	180	210
146	1988	-29	1	181	211
147	1988	-29	1	182	212
148	1988	-29	1	181	211
149	1988	-29	1	181	211
150	1988	-29	1	180	210
151	1988	-29	1	182	212
152	1988	-29	1	182	212
153	1988	-29	1	181	211
154	1988	-29	1	180	210
155	1988	-29	1	180	210
156	1988	-29	1	181	211
157	1988	-29	1	182	212
158	1988	-29	1	182	212
159	1988	-29	1	182	212
160	1988	-29	1	182	212
123	1989	-29	1	180	210
125	1989	-29	1	180	210
126	1989	-29	1	181	211
127	1989	-29	1	180	210
134	1989	-29	1	180	210
137	1989	-29	1	180	210
138	1989	-29	1	180	210
139	1989	-29	1	180	210
142	1989	-29	1	181	211
143	1989	-29	1	181	211
144	1989	-29	1	181	211
145	1989	-29	1	181	211
146	1989	-29	1	181	211
147	1989	-29	1	180	210
148	1989	-29	1	181	211
149	1989	-29	1	181	211
150	1989	-29	1	181	211
151	1989	-29	1	181	211
152	1989	-29	1	181	211
153	1989	-29	1	181	211
154	1989	-29	1	181	211
155	1989	-29	1	181	211
156	1989	-29	1	181	211
157	1989	-29	1	181	211
158	1989	-29	1	181	211
159	1989	-29	1	181	211
160	1989	-29	1	181	211
123	1990	-29	1	181	211
125	1990	-29	1	168	198
126	1990	-29	1	181	211
127	1990	-29	1	181	211
134	1990	-29	1	160	190
137	1990	-29	1	181	211
138	1990	-29	1	160	190
139	1990	-29	1	168	198
142	1990	-29	1	181	211
143	1990	-29	1	181	211
144	1990	-29	1	181	211
145	1990	-29	1	181	211
146	1990	-29	1	177	207
147	1990	-29	1	181	211
148	1990	-29	1	181	211
149	1990	-29	1	181	211
150	1990	-29	1	181	211
151	1990	-29	1	181	211
152	1990	-29	1	181	211
153	1990	-29	1	181	211
154	1990	-29	1	181	211
155	1990	-29	1	181	211
156	1990	-29	1	181	211
157	1990	-29	1	181	211
158	1990	-29	1	181	211
159	1990	-29	1	181	211
160	1990	-29	1	181	211
123	1991	-29	1	181	211
125	1991	-27	3	179	209
126	1991	-27	3	179	209
127	1991	-29	1	181	211
134	1991	-27	3	179	209
137	1991	-27	3	181	211
138	1991	-27	3	181	211
139	1991	-27	3	179	209
142	1991	-29	1	181	211
143	1991	-29	1	181	211
144	1991	-28	2	181	211
145	1991	-28	2	179	209
146	1991	-28	2	181	211
147	1991	-29	1	181	211
148	1991	-29	1	181	211
149	1991	-29	1	181	211
150	1991	-27	3	181	211
151	1991	-29	1	181	211
152	1991	-29	1	181	211
153	1991	-29	1	181	211
154	1991	-27	3	181	211
155	1991	-28	2	181	211
156	1991	-29	1	181	211
157	1991	-29	1	181	211
158	1991	-29	1	181	211
159	1991	-29	1	181	211
160	1991	-29	1	181	211
123	1992	-28	2	180	210
125	1992	-28	2	182	212
126	1992	-28	2	180	210
127	1992	-28	2	180	210
134	1992	-22	8	180	210
137	1992	-28	2	180	210
138	1992	-22	8	180	210
139	1992	-28	2	180	210
142	1992	-28	2	182	212
143	1992	-28	2	182	212
144	1992	-28	2	182	212
145	1992	-26	4	180	210
146	1992	-28	2	180	210
147	1992	-28	2	181	211
148	1992	-24	6	182	212
149	1992	-28	2	182	212
150	1992	-24	6	180	210
151	1992	-24	6	182	212
152	1992	-28	2	182	212
153	1992	-24	6	182	212
154	1992	-24	6	180	210
155	1992	-26	4	180	210
156	1992	-28	2	182	212
157	1992	-28	2	182	212
158	1992	-22	8	182	212
159	1992	-28	2	182	212
160	1992	-28	2	182	212
123	1993	-25	5	172	202
125	1993	-26	4	181	211
126	1993	-26	4	181	211
127	1993	-25	5	172	202
134	1993	-25	5	169	199
137	1993	-26	4	181	211
138	1993	-25	5	169	199
139	1993	-26	4	181	211
142	1993	-25	5	178	208
143	1993	-25	5	181	211
144	1993	-25	5	181	211
145	1993	-25	5	181	211
146	1993	-26	4	181	211
147	1993	-25	5	181	211
148	1993	-25	5	181	211
149	1993	-25	5	181	211
150	1993	-25	5	181	211
151	1993	-25	5	181	211
152	1993	-25	5	178	208
153	1993	-25	5	181	211
154	1993	-24	6	173	203
155	1993	-25	5	181	211
156	1993	-26	4	181	211
157	1993	-25	5	181	211
158	1993	-25	5	178	208
159	1993	-25	5	178	208
160	1993	-25	5	181	211
123	1994	-29	1	181	211
125	1994	-29	1	181	211
126	1994	-29	1	181	211
127	1994	-29	1	181	211
134	1994	-29	1	181	211
137	1994	-29	1	181	211
138	1994	-29	1	181	211
139	1994	-29	1	181	211
142	1994	-29	1	181	211
143	1994	-29	1	181	211
144	1994	-29	1	181	211
145	1994	-29	1	181	211
146	1994	-29	1	181	211
147	1994	-29	1	181	211
148	1994	-29	1	181	211
149	1994	-29	1	181	211
150	1994	-29	1	181	211
151	1994	-29	1	181	211
152	1994	-29	1	181	211
153	1994	-29	1	181	211
154	1994	-29	1	181	211
155	1994	-29	1	181	211
156	1994	-29	1	181	211
157	1994	-29	1	181	211
158	1994	-29	1	181	211
159	1994	-29	1	181	211
160	1994	-29	1	181	211
123	1995	-29	1	181	211
125	1995	-29	1	181	211
126	1995	-29	1	181	211
127	1995	-29	1	181	211
134	1995	-29	1	181	211
137	1995	-29	1	181	211
138	1995	-29	1	181	211
139	1995	-29	1	181	211
142	1995	-29	1	181	211
143	1995	-29	1	181	211
144	1995	-29	1	181	211
145	1995	-29	1	181	211
146	1995	-29	1	181	211
147	1995	-29	1	181	211
148	1995	-29	1	181	211
149	1995	-29	1	181	211
150	1995	-29	1	181	211
151	1995	-29	1	181	211
152	1995	-29	1	179	209
153	1995	-29	1	181	211
154	1995	-29	1	181	211
155	1995	-29	1	181	211
156	1995	-29	1	181	211
157	1995	-29	1	181	211
158	1995	-29	1	181	211
159	1995	-29	1	179	209
160	1995	-29	1	181	211
123	1996	-26	4	182	212
125	1996	-29	1	182	212
126	1996	-29	1	182	212
127	1996	-26	4	182	212
134	1996	-26	4	171	201
137	1996	-26	4	182	212
138	1996	-26	4	171	201
139	1996	-29	1	171	201
142	1996	-28	2	182	212
143	1996	-26	4	182	212
144	1996	-29	1	182	212
145	1996	-26	4	181	211
146	1996	-28	2	182	212
147	1996	-26	4	182	212
148	1996	-26	4	182	212
149	1996	-29	1	182	212
150	1996	-29	1	182	212
151	1996	-26	4	182	212
152	1996	-29	1	182	212
153	1996	-26	4	182	212
154	1996	-29	1	182	212
155	1996	-29	1	181	211
156	1996	-28	2	182	212
157	1996	-26	4	182	212
158	1996	-26	4	182	212
159	1996	-29	1	182	212
160	1996	-26	4	182	212
123	1997	-29	1	181	211
125	1997	-29	1	181	211
126	1997	-29	1	181	211
127	1997	-29	1	181	211
134	1997	-29	1	181	211
137	1997	-29	1	181	211
138	1997	-29	1	181	211
139	1997	-29	1	181	211
142	1997	-29	1	181	211
143	1997	-29	1	181	211
144	1997	-29	1	181	211
145	1997	-29	1	181	211
146	1997	-29	1	181	211
147	1997	-29	1	181	211
148	1997	-29	1	181	211
149	1997	-29	1	181	211
150	1997	-29	1	181	211
151	1997	-29	1	181	211
152	1997	-28	2	181	211
153	1997	-29	1	181	211
154	1997	-29	1	181	211
155	1997	-29	1	181	211
156	1997	-29	1	181	211
157	1997	-29	1	181	211
158	1997	-29	1	181	211
159	1997	-29	1	181	211
160	1997	-29	1	181	211
123	1998	-29	1	181	211
125	1998	-29	1	181	211
126	1998	-29	1	181	211
127	1998	-29	1	181	211
134	1998	-29	1	181	211
137	1998	-29	1	181	211
138	1998	-29	1	181	211
139	1998	-29	1	181	211
142	1998	-29	1	178	208
143	1998	-29	1	180	210
144	1998	-29	1	181	211
145	1998	-29	1	181	211
146	1998	-29	1	181	211
147	1998	-29	1	180	210
148	1998	-29	1	180	210
149	1998	-29	1	177	207
150	1998	-29	1	177	207
151	1998	-29	1	178	208
152	1998	-29	1	178	208
153	1998	-29	1	177	207
154	1998	-29	1	177	207
155	1998	-29	1	181	211
156	1998	-29	1	181	211
157	1998	-29	1	178	208
158	1998	-29	1	178	208
159	1998	-29	1	178	208
160	1998	-29	1	180	210
123	1999	-25	5	179	209
125	1999	-29	1	177	207
126	1999	-29	1	177	207
127	1999	-25	5	179	209
134	1999	-23	7	176	206
137	1999	-25	5	177	207
138	1999	-23	7	171	201
139	1999	-25	5	177	207
142	1999	-25	5	179	209
143	1999	-29	1	180	210
144	1999	-29	1	180	210
145	1999	-25	5	177	207
146	1999	-28	2	180	210
147	1999	-25	5	179	209
148	1999	-25	5	180	210
149	1999	-29	1	180	210
150	1999	-25	5	179	209
151	1999	-25	5	179	209
152	1999	-25	5	179	209
153	1999	-25	5	180	210
154	1999	-25	5	179	209
155	1999	-25	5	180	210
156	1999	-29	1	180	210
157	1999	-25	5	179	209
158	1999	-25	5	179	209
159	1999	-25	5	179	209
160	1999	-25	5	179	209
123	2000	-29	1	182	212
125	2000	-29	1	182	212
126	2000	-29	1	182	212
127	2000	-29	1	182	212
134	2000	-29	1	182	212
137	2000	-29	1	182	212
138	2000	-29	1	182	212
139	2000	-29	1	182	212
142	2000	-29	1	182	212
143	2000	-29	1	182	212
144	2000	-29	1	182	212
145	2000	-29	1	182	212
146	2000	-29	1	182	212
147	2000	-29	1	182	212
148	2000	-28	2	182	212
149	2000	-29	1	182	212
150	2000	-28	2	182	212
151	2000	-28	2	182	212
152	2000	-27	3	182	212
153	2000	-28	2	182	212
154	2000	-28	2	182	212
155	2000	-29	1	182	212
156	2000	-29	1	182	212
157	2000	-29	1	182	212
158	2000	-27	3	182	212
159	2000	-27	3	182	212
160	2000	-29	1	182	212
123	2001	-28	2	181	211
125	2001	-28	2	181	211
126	2001	-28	2	181	211
127	2001	-28	2	181	211
134	2001	-26	4	181	211
137	2001	-28	2	181	211
138	2001	-26	4	181	211
139	2001	-26	4	181	211
142	2001	-28	2	181	211
143	2001	-28	2	181	211
144	2001	-29	1	181	211
145	2001	-29	1	180	210
146	2001	-29	1	181	211
147	2001	-28	2	181	211
148	2001	-28	2	181	211
149	2001	-29	1	181	211
150	2001	-29	1	181	211
151	2001	-28	2	181	211
152	2001	-28	2	180	210
153	2001	-29	1	181	211
154	2001	-29	1	181	211
155	2001	-29	1	180	210
156	2001	-29	1	181	211
157	2001	-28	2	181	211
158	2001	-28	2	181	211
159	2001	-28	2	181	211
160	2001	-28	2	181	211
123	2002	-29	1	181	211
125	2002	-29	1	181	211
126	2002	-29	1	181	211
127	2002	-29	1	181	211
134	2002	-29	1	177	207
137	2002	-29	1	181	211
138	2002	-29	1	177	207
139	2002	-29	1	177	207
142	2002	-29	1	181	211
143	2002	-29	1	181	211
144	2002	-29	1	181	211
145	2002	-29	1	179	209
146	2002	-29	1	181	211
147	2002	-29	1	181	211
148	2002	-29	1	181	211
149	2002	-29	1	181	211
150	2002	-29	1	181	211
151	2002	-29	1	181	211
152	2002	-29	1	181	211
153	2002	-29	1	181	211
154	2002	-29	1	181	211
155	2002	-29	1	181	211
156	2002	-29	1	181	211
157	2002	-29	1	181	211
158	2002	-29	1	181	211
159	2002	-29	1	181	211
160	2002	-29	1	181	211
123	2003	-29	1	181	211
125	2003	-29	1	181	211
126	2003	-29	1	181	211
127	2003	-29	1	181	211
134	2003	-29	1	181	211
137	2003	-29	1	181	211
138	2003	-29	1	181	211
139	2003	-29	1	181	211
142	2003	-29	1	181	211
143	2003	-29	1	181	211
144	2003	-29	1	181	211
145	2003	-29	1	181	211
146	2003	-29	1	181	211
147	2003	-29	1	181	211
148	2003	-29	1	181	211
149	2003	-29	1	181	211
150	2003	-29	1	181	211
151	2003	-29	1	181	211
152	2003	-24	6	181	211
153	2003	-29	1	181	211
154	2003	-29	1	181	211
155	2003	-29	1	181	211
156	2003	-29	1	181	211
157	2003	-29	1	181	211
158	2003	-29	1	181	211
159	2003	-29	1	181	211
160	2003	-29	1	181	211
123	2004	-28	2	182	212
125	2004	-29	1	182	212
126	2004	-29	1	182	212
127	2004	-28	2	182	212
134	2004	-29	1	182	212
137	2004	-28	2	182	212
138	2004	-28	2	182	212
139	2004	-29	1	182	212
142	2004	-28	2	182	212
143	2004	-28	2	182	212
144	2004	-29	1	182	212
145	2004	-29	1	182	212
146	2004	-29	1	182	212
147	2004	-28	2	182	212
148	2004	-28	2	182	212
149	2004	-29	1	182	212
150	2004	-27	3	182	212
151	2004	-28	2	182	212
152	2004	-28	2	182	212
153	2004	-28	2	182	212
154	2004	-27	3	182	212
155	2004	-29	1	182	212
156	2004	-29	1	182	212
157	2004	-28	2	182	212
158	2004	-28	2	182	212
159	2004	-28	2	182	212
160	2004	-28	2	182	212
123	2005	-28	2	181	211
125	2005	-28	2	181	211
126	2005	-28	2	181	211
127	2005	-28	2	180	210
134	2005	-22	8	181	211
137	2005	-28	2	181	211
138	2005	-22	8	181	211
139	2005	-28	2	181	211
142	2005	-28	2	180	210
143	2005	-28	2	180	210
144	2005	-28	2	180	210
145	2005	-28	2	180	210
146	2005	-28	2	180	210
147	2005	-29	1	180	210
148	2005	-28	2	180	210
149	2005	-28	2	180	210
150	2005	-28	2	178	208
151	2005	-28	2	180	210
152	2005	-28	2	180	210
153	2005	-28	2	180	210
154	2005	-28	2	178	208
155	2005	-28	2	180	210
156	2005	-28	2	181	211
157	2005	-28	2	180	210
158	2005	-28	2	180	210
159	2005	-28	2	180	210
160	2005	-28	2	180	210
123	2006	-29	1	180	210
125	2006	-29	1	180	210
126	2006	-29	1	180	210
127	2006	-29	1	180	210
134	2006	-29	1	180	210
137	2006	-29	1	180	210
138	2006	-29	1	179	209
139	2006	-29	1	180	210
142	2006	-29	1	180	210
143	2006	-29	1	181	211
144	2006	-29	1	180	210
145	2006	-29	1	180	210
146	2006	-29	1	180	210
147	2006	-29	1	181	211
148	2006	-29	1	181	211
149	2006	-29	1	180	210
150	2006	-29	1	180	210
151	2006	-29	1	181	211
152	2006	-29	1	180	210
153	2006	-29	1	180	210
154	2006	-29	1	180	210
155	2006	-29	1	180	210
156	2006	-29	1	180	210
157	2006	-29	1	181	211
158	2006	-29	1	181	211
159	2006	-29	1	180	210
160	2006	-29	1	181	211
123	2007	-29	1	181	211
125	2007	-29	1	180	210
126	2007	-29	1	180	210
127	2007	-29	1	181	211
134	2007	-29	1	180	210
137	2007	-29	1	181	211
138	2007	-29	1	180	210
139	2007	-29	1	180	210
142	2007	-29	1	181	211
143	2007	-29	1	181	211
144	2007	-29	1	181	211
145	2007	-29	1	180	210
146	2007	-29	1	181	211
147	2007	-29	1	181	211
148	2007	-29	1	181	211
149	2007	-29	1	181	211
150	2007	-29	1	181	211
151	2007	-29	1	181	211
152	2007	-29	1	179	209
153	2007	-29	1	181	211
154	2007	-29	1	180	210
155	2007	-29	1	181	211
156	2007	-29	1	181	211
157	2007	-29	1	181	211
158	2007	-29	1	181	211
159	2007	-29	1	180	210
160	2007	-29	1	181	211
123	2008	-29	1	180	210
125	2008	-29	1	181	211
126	2008	-29	1	181	211
127	2008	-29	1	180	210
134	2008	-27	3	181	211
137	2008	-29	1	181	211
138	2008	-27	3	180	210
139	2008	-29	1	181	211
142	2008	-29	1	181	211
143	2008	-29	1	181	211
144	2008	-29	1	181	211
145	2008	-29	1	181	211
146	2008	-29	1	181	211
147	2008	-29	1	181	211
148	2008	-29	1	181	211
149	2008	-29	1	181	211
150	2008	-29	1	181	211
151	2008	-29	1	181	211
152	2008	-29	1	180	210
153	2008	-29	1	181	211
154	2008	-29	1	181	211
155	2008	-29	1	181	211
156	2008	-29	1	181	211
157	2008	-29	1	181	211
158	2008	-29	1	181	211
159	2008	-29	1	181	211
160	2008	-29	1	181	211
123	2009	-29	1	179	209
125	2009	-29	1	179	209
126	2009	-29	1	179	209
127	2009	-29	1	180	210
134	2009	-28	2	179	209
137	2009	-29	1	179	209
138	2009	-28	2	179	209
139	2009	-29	1	179	209
142	2009	-29	1	180	210
143	2009	-29	1	181	211
144	2009	-29	1	180	210
145	2009	-29	1	180	210
146	2009	-29	1	180	210
147	2009	-29	1	181	211
148	2009	-29	1	181	211
149	2009	-29	1	180	210
150	2009	-29	1	180	210
151	2009	-29	1	180	210
152	2009	-23	7	180	210
153	2009	-29	1	180	210
154	2009	-29	1	180	210
155	2009	-29	1	180	210
156	2009	-29	1	181	211
157	2009	-29	1	180	210
158	2009	-29	1	180	210
159	2009	-29	1	180	210
160	2009	-29	1	181	211
123	2010	-29	1	180	210
125	2010	-29	1	180	210
126	2010	-29	1	180	210
127	2010	-29	1	180	210
134	2010	-29	1	180	210
137	2010	-29	1	180	210
138	2010	-29	1	180	210
139	2010	-29	1	180	210
142	2010	-29	1	179	209
143	2010	-29	1	180	210
144	2010	-29	1	180	210
145	2010	-29	1	180	210
146	2010	-29	1	180	210
147	2010	-29	1	180	210
148	2010	-29	1	180	210
149	2010	-29	1	179	209
150	2010	-29	1	179	209
151	2010	-29	1	179	209
152	2010	-29	1	179	209
153	2010	-29	1	179	209
154	2010	-29	1	175	205
155	2010	-29	1	179	209
156	2010	-29	1	180	210
157	2010	-29	1	179	209
158	2010	-29	1	179	209
159	2010	-29	1	179	209
160	2010	-29	1	180	210
123	2011	-29	1	181	211
125	2011	-29	1	181	211
126	2011	-29	1	181	211
127	2011	-29	1	181	211
134	2011	-27	3	181	211
137	2011	-29	1	181	211
138	2011	-27	3	181	211
139	2011	-29	1	181	211
142	2011	-28	2	181	211
143	2011	-29	1	181	211
144	2011	-29	1	181	211
145	2011	-29	1	181	211
146	2011	-29	1	181	211
147	2011	-29	1	181	211
148	2011	-29	1	181	211
149	2011	-29	1	181	211
150	2011	-29	1	181	211
151	2011	-29	1	181	211
152	2011	-28	2	181	211
153	2011	-29	1	181	211
154	2011	-29	1	181	211
155	2011	-29	1	181	211
156	2011	-29	1	181	211
157	2011	-29	1	181	211
158	2011	-29	1	181	211
159	2011	-28	2	181	211
160	2011	-29	1	181	211
123	2012	-29	1	181	211
125	2012	-29	1	181	211
126	2012	-29	1	181	211
127	2012	-29	1	181	211
134	2012	-29	1	181	211
137	2012	-29	1	181	211
138	2012	-29	1	181	211
139	2012	-29	1	181	211
142	2012	-29	1	181	211
143	2012	-29	1	181	211
144	2012	-29	1	181	211
145	2012	-29	1	178	208
146	2012	-29	1	181	211
147	2012	-29	1	181	211
148	2012	-29	1	181	211
149	2012	-29	1	181	211
150	2012	-29	1	181	211
151	2012	-29	1	181	211
152	2012	-29	1	181	211
153	2012	-29	1	181	211
154	2012	-29	1	181	211
155	2012	-29	1	178	208
156	2012	-29	1	181	211
157	2012	-29	1	181	211
158	2012	-29	1	181	211
159	2012	-29	1	181	211
160	2012	-29	1	181	211
123	2013	-29	1	181	211
125	2013	-29	1	181	211
126	2013	-29	1	181	211
127	2013	-29	1	181	211
134	2013	-29	1	181	211
137	2013	-29	1	181	211
138	2013	-29	1	181	211
139	2013	-29	1	181	211
142	2013	-29	1	181	211
143	2013	-29	1	181	211
144	2013	-29	1	181	211
145	2013	-29	1	181	211
146	2013	-29	1	181	211
147	2013	-29	1	181	211
148	2013	-29	1	181	211
149	2013	-29	1	181	211
150	2013	-29	1	181	211
151	2013	-29	1	181	211
152	2013	-29	1	181	211
153	2013	-29	1	181	211
154	2013	-29	1	181	211
155	2013	-29	1	181	211
156	2013	-29	1	181	211
157	2013	-29	1	181	211
158	2013	-29	1	181	211
159	2013	-29	1	181	211
160	2013	-29	1	181	211
123	2014	-27	3	181	211
125	2014	-29	1	178	208
126	2014	-29	1	181	211
127	2014	-29	1	181	211
134	2014	-25	5	178	208
137	2014	-29	1	181	211
138	2014	-25	5	178	208
139	2014	-29	1	178	208
142	2014	-29	1	181	211
143	2014	-29	1	181	211
144	2014	-29	1	181	211
145	2014	-27	3	181	211
146	2014	-29	1	181	211
147	2014	-29	1	181	211
148	2014	-29	1	181	211
149	2014	-29	1	181	211
150	2014	-27	3	181	211
151	2014	-27	3	181	211
152	2014	-27	3	181	211
153	2014	-27	3	181	211
154	2014	-27	3	181	211
155	2014	-27	3	181	211
156	2014	-29	1	181	211
157	2014	-29	1	181	211
158	2014	-27	3	181	211
159	2014	-29	1	181	211
160	2014	-29	1	181	211
123	2015	-29	1	181	211
125	2015	-29	1	181	211
126	2015	-29	1	181	211
127	2015	-29	1	181	211
134	2015	-29	1	181	211
137	2015	-29	1	181	211
138	2015	-29	1	181	211
139	2015	-29	1	181	211
142	2015	-29	1	181	211
143	2015	-29	1	181	211
144	2015	-29	1	181	211
145	2015	-29	1	181	211
146	2015	-29	1	181	211
147	2015	-29	1	181	211
148	2015	-29	1	181	211
149	2015	-29	1	181	211
150	2015	-29	1	181	211
151	2015	-29	1	181	211
152	2015	-29	1	181	211
153	2015	-29	1	181	211
154	2015	-29	1	181	211
155	2015	-29	1	181	211
156	2015	-29	1	181	211
157	2015	-29	1	181	211
158	2015	-29	1	181	211
159	2015	-29	1	181	211
160	2015	-29	1	181	211
123	2016	-29	1	180	210
125	2016	-29	1	179	209
126	2016	-29	1	175	205
127	2016	-29	1	180	210
134	2016	-29	1	174	204
137	2016	-29	1	175	205
138	2016	-29	1	174	204
139	2016	-29	1	179	209
142	2016	-29	1	180	210
143	2016	-29	1	180	210
144	2016	-29	1	180	210
145	2016	-29	1	180	210
146	2016	-29	1	180	210
147	2016	-29	1	180	210
148	2016	-29	1	180	210
149	2016	-29	1	180	210
150	2016	-29	1	180	210
151	2016	-29	1	180	210
152	2016	-28	2	179	209
153	2016	-29	1	180	210
154	2016	-29	1	180	210
155	2016	-29	1	180	210
156	2016	-29	1	180	210
157	2016	-29	1	180	210
158	2016	-29	1	180	210
159	2016	-28	2	180	210
160	2016	-29	1	180	210
123	2017	-26	4	181	211
125	2017	-28	2	181	211
126	2017	-26	4	181	211
127	2017	-26	4	181	211
134	2017	-26	4	181	211
137	2017	-26	4	181	211
138	2017	-26	4	181	211
139	2017	-28	2	181	211
142	2017	-26	4	181	211
143	2017	-26	4	181	211
144	2017	-27	3	181	211
145	2017	-27	3	181	211
146	2017	-27	3	181	211
147	2017	-26	4	181	211
148	2017	-26	4	181	211
149	2017	-27	3	181	211
150	2017	-27	3	181	211
151	2017	-26	4	181	211
152	2017	-27	3	181	211
153	2017	-27	3	181	211
154	2017	-27	3	181	211
155	2017	-27	3	181	211
156	2017	-26	4	181	211
157	2017	-26	4	181	211
158	2017	-26	4	181	211
159	2017	-26	4	181	211
160	2017	-26	4	181	211
123	2018	-29	1	180	210
125	2018	-29	1	176	206
126	2018	-29	1	176	206
127	2018	-29	1	180	210
134	2018	-29	1	176	206
137	2018	-29	1	176	206
138	2018	-29	1	176	206
139	2018	-29	1	176	206
142	2018	-29	1	181	211
143	2018	-29	1	181	211
144	2018	-29	1	180	210
145	2018	-29	1	176	206
146	2018	-29	1	176	206
147	2018	-29	1	181	211
148	2018	-29	1	180	210
149	2018	-29	1	180	210
150	2018	-29	1	180	210
151	2018	-29	1	180	210
152	2018	-29	1	178	208
153	2018	-29	1	180	210
154	2018	-29	1	177	207
155	2018	-29	1	176	206
156	2018	-29	1	180	210
157	2018	-29	1	180	210
158	2018	-29	1	180	210
159	2018	-29	1	178	208
160	2018	-29	1	180	210
123	2019	-28	2	180	210
125	2019	-29	1	180	210
126	2019	-29	1	180	210
127	2019	-28	2	180	210
134	2019	-28	2	180	210
137	2019	-28	2	180	210
138	2019	-26	4	180	210
139	2019	-28	2	180	210
142	2019	-29	1	181	211
143	2019	-28	2	181	211
144	2019	-29	1	181	211
145	2019	-29	1	181	211
146	2019	-29	1	181	211
147	2019	-28	2	180	210
148	2019	-28	2	181	211
149	2019	-27	3	181	211
150	2019	-27	3	181	211
151	2019	-26	4	180	210
152	2019	-28	2	181	211
153	2019	-26	4	181	211
154	2019	-25	5	181	211
155	2019	-29	1	181	211
156	2019	-29	1	180	210
157	2019	-28	2	181	211
158	2019	-25	5	180	210
159	2019	-28	2	181	211
160	2019	-28	2	181	211
123	2020	-29	1	181	211
125	2020	-29	1	181	211
126	2020	-29	1	181	211
127	2020	-29	1	181	211
134	2020	-29	1	181	211
137	2020	-29	1	181	211
138	2020	-29	1	181	211
139	2020	-29	1	181	211
142	2020	-29	1	181	211
143	2020	-29	1	181	211
144	2020	-29	1	181	211
145	2020	-29	1	178	208
146	2020	-29	1	181	211
147	2020	-29	1	181	211
148	2020	-29	1	181	211
149	2020	-29	1	181	211
150	2020	-29	1	181	211
151	2020	-29	1	181	211
152	2020	-29	1	181	211
153	2020	-29	1	181	211
154	2020	-29	1	178	208
155	2020	-29	1	181	211
156	2020	-29	1	181	211
157	2020	-29	1	181	211
158	2020	-29	1	181	211
159	2020	-29	1	181	211
160	2020	-29	1	181	211
