#code: 24735
#name: AÇUDE FIGUEIREDO
#muncode: 2306009
#munname: Iracema
#x: -38.2726666667
#y: -5.62280555556
2018 	01 	01	0.0
2018 	01 	02	0.0
2018 	01 	03	0.0
2018 	01 	04	0.0
2018 	01 	05	0.0
2018 	01 	06	0.0
2018 	01 	07	0.0
2018 	01 	08	0.0
2018 	01 	09	0.0
2018 	01 	10	0.0
2018 	01 	11	0.0
2018 	01 	12	5.0
2018 	01 	13	0.0
2018 	01 	14	14.0
2018 	01 	15	0.0
2018 	01 	16	0.0
2018 	01 	17	0.0
2018 	01 	18	0.0
2018 	01 	19	28.0
2018 	01 	20	43.0
2018 	01 	21	35.0
2018 	01 	22	0.0
2018 	01 	23	0.0
2018 	01 	24	0.0
2018 	01 	25	0.0
2018 	01 	26	0.0
2018 	01 	27	0.0
2018 	01 	28	0.0
2018 	01 	29	0.0
2018 	01 	30	0.0
2018 	01 	31	0.0
2018 	02 	01	0.0
2018 	02 	02	0.0
2018 	02 	03	0.0
2018 	02 	04	0.0
2018 	02 	05	0.0
2018 	02 	06	0.0
2018 	02 	07	0.0
2018 	02 	08	0.0
2018 	02 	09	0.0
2018 	02 	10	0.0
2018 	02 	11	8.0
2018 	02 	12	0.0
2018 	02 	13	0.0
2018 	02 	14	16.0
2018 	02 	15	21.0
2018 	02 	16	4.0
2018 	02 	17	nan
2018 	02 	18	nan
2018 	02 	19	0.0
2018 	02 	20	3.0
2018 	02 	21	25.0
2018 	02 	22	0.0
2018 	02 	23	0.0
2018 	02 	24	0.0
2018 	02 	25	0.0
2018 	02 	26	0.0
2018 	02 	27	0.0
2018 	02 	28	0.0
2018 	03 	01	nan
2018 	03 	02	nan
2018 	03 	03	0.0
2018 	03 	04	0.0
2018 	03 	05	0.0
2018 	03 	06	0.0
2018 	03 	07	0.0
2018 	03 	08	0.0
2018 	03 	09	0.0
2018 	03 	10	0.0
2018 	03 	11	0.0
2018 	03 	12	0.0
2018 	03 	13	0.0
2018 	03 	14	0.0
2018 	03 	15	6.0
2018 	03 	16	0.0
2018 	03 	17	0.0
2018 	03 	18	0.0
2018 	03 	19	0.0
2018 	03 	20	0.0
2018 	03 	21	6.0
2018 	03 	22	0.0
2018 	03 	23	9.0
2018 	03 	24	0.0
2018 	03 	25	0.0
2018 	03 	26	0.0
2018 	03 	27	0.0
2018 	03 	28	3.0
2018 	03 	29	21.0
2018 	03 	30	23.0
2018 	03 	31	30.0
2018 	04 	01	10.0
2018 	04 	02	5.0
2018 	04 	03	nan
2018 	04 	04	nan
2018 	04 	05	0.0
2018 	04 	06	8.0
2018 	04 	07	2.0
2018 	04 	08	8.0
2018 	04 	09	0.0
2018 	04 	10	65.0
2018 	04 	11	7.0
2018 	04 	12	0.0
2018 	04 	13	54.0
2018 	04 	14	11.0
2018 	04 	15	8.0
2018 	04 	16	0.0
2018 	04 	17	11.0
2018 	04 	18	0.0
2018 	04 	19	0.0
2018 	04 	20	0.0
2018 	04 	21	0.0
2018 	04 	22	0.0
2018 	04 	23	7.0
2018 	04 	24	0.0
2018 	04 	25	0.0
2018 	04 	26	0.0
2018 	04 	27	0.0
2018 	04 	28	3.0
2018 	04 	29	6.0
2018 	04 	30	0.0
2018 	05 	01	6.0
2018 	05 	02	13.0
2018 	05 	03	0.0
2018 	05 	04	0.0
2018 	05 	05	0.0
2018 	05 	06	0.0
2018 	05 	07	0.0
2018 	05 	08	0.0
2018 	05 	09	0.0
2018 	05 	10	0.0
2018 	05 	11	0.0
2018 	05 	12	0.0
2018 	05 	13	0.0
2018 	05 	14	0.0
2018 	05 	15	0.0
2018 	05 	16	4.0
2018 	05 	17	0.0
2018 	05 	18	42.0
2018 	05 	19	13.0
2018 	05 	20	0.0
2018 	05 	21	0.0
2018 	05 	22	0.0
2018 	05 	23	0.0
2018 	05 	24	0.0
2018 	05 	25	0.0
2018 	05 	26	13.0
2018 	05 	27	0.0
2018 	05 	28	0.0
2018 	05 	29	3.0
2018 	05 	30	0.0
2018 	05 	31	0.0
2018 	06 	01	0.0
2018 	06 	02	0.0
2018 	06 	03	0.0
2018 	06 	04	0.0
2018 	06 	05	0.0
2018 	06 	06	0.0
2018 	06 	07	0.0
2018 	06 	08	0.0
2018 	06 	09	7.0
2018 	06 	10	0.0
2018 	06 	11	0.0
2018 	06 	12	0.0
2018 	06 	13	0.0
2018 	06 	14	0.0
2018 	06 	15	0.0
2018 	06 	16	0.0
2018 	06 	17	0.0
2018 	06 	18	0.0
2018 	06 	19	0.0
2018 	06 	20	0.0
2018 	06 	21	0.0
2018 	06 	22	0.0
2018 	06 	23	0.0
2018 	06 	24	0.0
2018 	06 	25	0.0
2018 	06 	26	0.0
2018 	06 	27	0.0
2018 	06 	28	0.0
2018 	06 	29	0.0
2018 	06 	30	0.0
2018 	07 	01	0.0
2018 	07 	02	0.0
2018 	07 	03	0.0
2018 	07 	04	0.0
2018 	07 	05	0.0
2018 	07 	06	0.0
2018 	07 	07	0.0
2018 	07 	08	8.0
2018 	07 	09	0.0
2018 	07 	10	0.0
2018 	07 	11	0.0
2018 	07 	12	0.0
2018 	07 	13	0.0
2018 	07 	14	0.0
2018 	07 	15	0.0
2018 	07 	16	0.0
2018 	07 	17	0.0
2018 	07 	18	0.0
2018 	07 	19	0.0
2018 	07 	20	0.0
2018 	07 	21	0.0
2018 	07 	22	0.0
2018 	07 	23	0.0
2018 	07 	24	0.0
2018 	07 	25	0.0
2018 	07 	26	0.0
2018 	07 	27	0.0
2018 	07 	28	0.0
2018 	07 	29	0.0
2018 	07 	30	0.0
2018 	07 	31	0.0
2018 	08 	01	0.0
2018 	08 	02	0.0
2018 	08 	03	0.0
2018 	08 	04	0.0
2018 	08 	05	0.0
2018 	08 	06	0.0
2018 	08 	07	0.0
2018 	08 	08	0.0
2018 	08 	09	0.0
2018 	08 	10	0.0
2018 	08 	11	0.0
2018 	08 	12	0.0
2018 	08 	13	5.0
2018 	08 	14	0.0
2018 	08 	15	0.0
2018 	08 	16	0.0
2018 	08 	17	0.0
2018 	08 	18	0.0
2018 	08 	19	0.0
2018 	08 	20	0.0
2018 	08 	21	0.0
2018 	08 	22	0.0
2018 	08 	23	0.0
2018 	08 	24	0.0
2018 	08 	25	0.0
2018 	08 	26	0.0
2018 	08 	27	0.0
2018 	08 	28	0.0
2018 	08 	29	0.0
2018 	08 	30	0.0
2018 	08 	31	0.0
2018 	09 	01	0.0
2018 	09 	02	0.0
2018 	09 	03	0.0
2018 	09 	04	0.0
2018 	09 	05	0.0
2018 	09 	06	0.0
2018 	09 	07	0.0
2018 	09 	08	nan
2018 	09 	09	0.0
2018 	09 	10	0.0
2018 	09 	11	0.0
2018 	09 	12	0.0
2018 	09 	13	0.0
2018 	09 	14	0.0
2018 	09 	15	0.0
2018 	09 	16	0.0
2018 	09 	17	0.0
2018 	09 	18	0.0
2018 	09 	19	0.0
2018 	09 	20	0.0
2018 	09 	21	0.0
2018 	09 	22	0.0
2018 	09 	23	0.0
2018 	09 	24	0.0
2018 	09 	25	0.0
2018 	09 	26	0.0
2018 	09 	27	0.0
2018 	09 	28	0.0
2018 	09 	29	0.0
2018 	09 	30	0.0
2018 	10 	01	nan
2018 	10 	02	nan
2018 	10 	03	nan
2018 	10 	04	nan
2018 	10 	05	nan
2018 	10 	06	nan
2018 	10 	07	nan
2018 	10 	08	nan
2018 	10 	09	nan
2018 	10 	10	nan
2018 	10 	11	nan
2018 	10 	12	nan
2018 	10 	13	nan
2018 	10 	14	nan
2018 	10 	15	nan
2018 	10 	16	nan
2018 	10 	17	nan
2018 	10 	18	nan
2018 	10 	19	nan
2018 	10 	20	nan
2018 	10 	21	nan
2018 	10 	22	nan
2018 	10 	23	nan
2018 	10 	24	nan
2018 	10 	25	nan
2018 	10 	26	nan
2018 	10 	27	nan
2018 	10 	28	nan
2018 	10 	29	nan
2018 	10 	30	nan
2018 	10 	31	nan
2018 	11 	01	nan
2018 	11 	02	nan
2018 	11 	03	nan
2018 	11 	04	nan
2018 	11 	05	nan
2018 	11 	06	nan
2018 	11 	07	nan
2018 	11 	08	nan
2018 	11 	09	nan
2018 	11 	10	nan
2018 	11 	11	nan
2018 	11 	12	nan
2018 	11 	13	nan
2018 	11 	14	nan
2018 	11 	15	nan
2018 	11 	16	nan
2018 	11 	17	nan
2018 	11 	18	nan
2018 	11 	19	nan
2018 	11 	20	nan
2018 	11 	21	nan
2018 	11 	22	nan
2018 	11 	23	nan
2018 	11 	24	nan
2018 	11 	25	nan
2018 	11 	26	nan
2018 	11 	27	nan
2018 	11 	28	nan
2018 	11 	29	nan
2018 	11 	30	nan
2018 	12 	01	nan
2018 	12 	02	nan
2018 	12 	03	nan
2018 	12 	04	nan
2018 	12 	05	nan
2018 	12 	06	nan
2018 	12 	07	nan
2018 	12 	08	nan
2018 	12 	09	nan
2018 	12 	10	nan
2018 	12 	11	nan
2018 	12 	12	nan
2018 	12 	13	nan
2018 	12 	14	nan
2018 	12 	15	nan
2018 	12 	16	nan
2018 	12 	17	nan
2018 	12 	18	nan
2018 	12 	19	nan
2018 	12 	20	nan
2018 	12 	21	nan
2018 	12 	22	nan
2018 	12 	23	nan
2018 	12 	24	nan
2018 	12 	25	nan
2018 	12 	26	nan
2018 	12 	27	nan
2018 	12 	28	nan
2018 	12 	29	nan
2018 	12 	30	nan
2018 	12 	31	nan
2019 	01 	01	0.0
2019 	01 	02	0.0
2019 	01 	03	0.0
2019 	01 	04	0.0
2019 	01 	05	0.0
2019 	01 	06	0.0
2019 	01 	07	0.0
2019 	01 	08	6.0
2019 	01 	09	nan
2019 	01 	10	nan
2019 	01 	11	0.0
2019 	01 	12	0.0
2019 	01 	13	0.0
2019 	01 	14	0.0
2019 	01 	15	6.0
2019 	01 	16	0.0
2019 	01 	17	4.0
2019 	01 	18	19.0
2019 	01 	19	5.0
2019 	01 	20	0.0
2019 	01 	21	0.0
2019 	01 	22	0.0
2019 	01 	23	5.0
2019 	01 	24	0.0
2019 	01 	25	0.0
2019 	01 	26	0.0
2019 	01 	27	17.0
2019 	01 	28	0.0
2019 	01 	29	0.0
2019 	01 	30	0.0
2019 	01 	31	0.0
2019 	02 	01	0.0
2019 	02 	02	0.0
2019 	02 	03	0.0
2019 	02 	04	14.0
2019 	02 	05	6.0
2019 	02 	06	17.0
2019 	02 	07	38.0
2019 	02 	08	0.0
2019 	02 	09	0.0
2019 	02 	10	0.0
2019 	02 	11	0.0
2019 	02 	12	0.0
2019 	02 	13	0.0
2019 	02 	14	34.0
2019 	02 	15	0.0
2019 	02 	16	0.0
2019 	02 	17	6.0
2019 	02 	18	4.0
2019 	02 	19	0.0
2019 	02 	20	17.0
2019 	02 	21	0.0
2019 	02 	22	32.0
2019 	02 	23	0.0
2019 	02 	24	33.0
2019 	02 	25	0.0
2019 	02 	26	13.0
2019 	02 	27	3.0
2019 	02 	28	0.0
2019 	03 	01	nan
2019 	03 	02	nan
2019 	03 	03	21.0
2019 	03 	04	nan
2019 	03 	05	nan
2019 	03 	06	14.0
2019 	03 	07	0.0
2019 	03 	08	0.0
2019 	03 	09	0.0
2019 	03 	10	0.0
2019 	03 	11	0.0
2019 	03 	12	0.0
2019 	03 	13	7.0
2019 	03 	14	0.1
2019 	03 	15	0.0
2019 	03 	16	0.0
2019 	03 	17	0.0
2019 	03 	18	0.0
2019 	03 	19	2.0
2019 	03 	20	0.0
2019 	03 	21	22.0
2019 	03 	22	0.0
2019 	03 	23	0.0
2019 	03 	24	0.0
2019 	03 	25	5.0
2019 	03 	26	0.0
2019 	03 	27	23.0
2019 	03 	28	26.0
2019 	03 	29	3.0
2019 	03 	30	8.0
2019 	03 	31	2.0
2019 	04 	01	10.0
2019 	04 	02	1.0
