#code: 24701
#name: CAPITÃO MOR
#muncode: 2310506
#munname: Pedra Branca
#x: -39.9959444444
#y: -5.62133333333
2017 	01 	01	0.0
2017 	01 	02	0.0
2017 	01 	03	0.0
2017 	01 	04	0.0
2017 	01 	05	0.0
2017 	01 	06	0.0
2017 	01 	07	0.0
2017 	01 	08	0.0
2017 	01 	09	0.0
2017 	01 	10	0.0
2017 	01 	11	5.0
2017 	01 	12	0.0
2017 	01 	13	0.0
2017 	01 	14	0.0
2017 	01 	15	0.0
2017 	01 	16	0.0
2017 	01 	17	0.0
2017 	01 	18	0.0
2017 	01 	19	0.0
2017 	01 	20	50.0
2017 	01 	21	0.0
2017 	01 	22	0.0
2017 	01 	23	6.0
2017 	01 	24	0.0
2017 	01 	25	0.0
2017 	01 	26	0.0
2017 	01 	27	0.0
2017 	01 	28	0.0
2017 	01 	29	0.0
2017 	01 	30	0.0
2017 	01 	31	0.0
2017 	02 	01	0.0
2017 	02 	02	0.0
2017 	02 	03	0.0
2017 	02 	04	0.0
2017 	02 	05	0.0
2017 	02 	06	0.0
2017 	02 	07	0.0
2017 	02 	08	0.0
2017 	02 	09	0.0
2017 	02 	10	0.0
2017 	02 	11	0.0
2017 	02 	12	46.0
2017 	02 	13	0.0
2017 	02 	14	0.0
2017 	02 	15	0.0
2017 	02 	16	0.0
2017 	02 	17	0.0
2017 	02 	18	0.0
2017 	02 	19	0.0
2017 	02 	20	30.0
2017 	02 	21	0.0
2017 	02 	22	0.0
2017 	02 	23	0.0
2017 	02 	24	0.0
2017 	02 	25	0.0
2017 	02 	26	0.0
2017 	02 	27	0.0
2017 	02 	28	22.0
2017 	03 	01	0.0
2017 	03 	02	11.0
2017 	03 	03	0.0
2017 	03 	04	0.0
2017 	03 	05	0.0
2017 	03 	06	0.0
2017 	03 	07	0.0
2017 	03 	08	0.0
2017 	03 	09	6.0
2017 	03 	10	0.0
2017 	03 	11	27.0
2017 	03 	12	0.0
2017 	03 	13	0.0
2017 	03 	14	0.0
2017 	03 	15	10.0
2017 	03 	16	0.0
2017 	03 	17	0.0
2017 	03 	18	17.0
2017 	03 	19	0.0
2017 	03 	20	0.0
2017 	03 	21	0.0
2017 	03 	22	0.0
2017 	03 	23	0.0
2017 	03 	24	14.0
2017 	03 	25	0.0
2017 	03 	26	0.0
2017 	03 	27	0.0
2017 	03 	28	0.0
2017 	03 	29	0.0
2017 	03 	30	0.0
2017 	03 	31	0.0
2017 	04 	01	0.0
2017 	04 	02	0.0
2017 	04 	03	0.0
2017 	04 	04	0.0
2017 	04 	05	0.0
2017 	04 	06	0.0
2017 	04 	07	0.0
2017 	04 	08	0.0
2017 	04 	09	0.0
2017 	04 	10	0.0
2017 	04 	11	24.0
2017 	04 	12	nan
2017 	04 	13	nan
2017 	04 	14	0.0
2017 	04 	15	0.0
2017 	04 	16	0.0
2017 	04 	17	0.0
2017 	04 	18	0.0
2017 	04 	19	0.0
2017 	04 	20	0.0
2017 	04 	21	0.0
2017 	04 	22	0.0
2017 	04 	23	0.0
2017 	04 	24	0.0
2017 	04 	25	0.0
2017 	04 	26	0.0
2017 	04 	27	0.0
2017 	04 	28	0.0
2017 	04 	29	0.0
2017 	04 	30	0.0
2017 	05 	01	10.8
2017 	05 	02	0.0
2017 	05 	03	0.0
2017 	05 	04	0.0
2017 	05 	05	4.6
2017 	05 	06	0.0
2017 	05 	07	0.0
2017 	05 	08	0.0
2017 	05 	09	0.0
2017 	05 	10	0.0
2017 	05 	11	7.0
2017 	05 	12	9.4
2017 	05 	13	0.0
2017 	05 	14	0.0
2017 	05 	15	0.0
2017 	05 	16	0.0
2017 	05 	17	0.0
2017 	05 	18	0.0
2017 	05 	19	0.0
2017 	05 	20	0.0
2017 	05 	21	0.0
2017 	05 	22	5.6
2017 	05 	23	0.0
2017 	05 	24	0.0
2017 	05 	25	0.0
2017 	05 	26	0.0
2017 	05 	27	0.0
2017 	05 	28	0.0
2017 	05 	29	0.0
2017 	05 	30	0.0
2017 	05 	31	0.0
2017 	06 	01	0.0
2017 	06 	02	0.0
2017 	06 	03	4.0
2017 	06 	04	0.0
2017 	06 	05	9.0
2017 	06 	06	0.0
2017 	06 	07	0.0
2017 	06 	08	0.0
2017 	06 	09	0.0
2017 	06 	10	0.0
2017 	06 	11	0.0
2017 	06 	12	0.0
2017 	06 	13	0.0
2017 	06 	14	0.0
2017 	06 	15	0.0
2017 	06 	16	0.0
2017 	06 	17	0.0
2017 	06 	18	0.0
2017 	06 	19	4.0
2017 	06 	20	0.0
2017 	06 	21	0.0
2017 	06 	22	0.0
2017 	06 	23	0.0
2017 	06 	24	0.0
2017 	06 	25	0.0
2017 	06 	26	0.0
2017 	06 	27	0.0
2017 	06 	28	0.0
2017 	06 	29	0.0
2017 	06 	30	0.0
2017 	07 	01	12.8
2017 	07 	02	10.2
2017 	07 	03	0.0
2017 	07 	04	0.0
2017 	07 	05	0.0
2017 	07 	06	0.0
2017 	07 	07	0.0
2017 	07 	08	0.0
2017 	07 	09	0.0
2017 	07 	10	0.0
2017 	07 	11	0.0
2017 	07 	12	0.0
2017 	07 	13	0.0
2017 	07 	14	0.0
2017 	07 	15	0.0
2017 	07 	16	0.0
2017 	07 	17	0.0
2017 	07 	18	0.0
2017 	07 	19	0.0
2017 	07 	20	0.0
2017 	07 	21	0.0
2017 	07 	22	0.0
2017 	07 	23	0.0
2017 	07 	24	0.0
2017 	07 	25	0.0
2017 	07 	26	0.0
2017 	07 	27	0.0
2017 	07 	28	0.0
2017 	07 	29	0.0
2017 	07 	30	0.0
2017 	07 	31	0.0
2017 	08 	01	0.0
2017 	08 	02	0.0
2017 	08 	03	0.0
2017 	08 	04	0.0
2017 	08 	05	0.0
2017 	08 	06	0.0
2017 	08 	07	0.0
2017 	08 	08	0.0
2017 	08 	09	0.0
2017 	08 	10	0.0
2017 	08 	11	0.0
2017 	08 	12	0.0
2017 	08 	13	0.0
2017 	08 	14	0.0
2017 	08 	15	0.0
2017 	08 	16	0.0
2017 	08 	17	0.0
2017 	08 	18	0.0
2017 	08 	19	0.0
2017 	08 	20	0.0
2017 	08 	21	0.0
2017 	08 	22	0.0
2017 	08 	23	0.0
2017 	08 	24	0.0
2017 	08 	25	0.0
2017 	08 	26	0.0
2017 	08 	27	0.0
2017 	08 	28	0.0
2017 	08 	29	0.0
2017 	08 	30	0.0
2017 	08 	31	0.0
2017 	09 	01	0.0
2017 	09 	02	0.0
2017 	09 	03	0.0
2017 	09 	04	0.0
2017 	09 	05	0.0
2017 	09 	06	0.0
2017 	09 	07	0.0
2017 	09 	08	0.0
2017 	09 	09	0.0
2017 	09 	10	0.0
2017 	09 	11	0.0
2017 	09 	12	0.0
2017 	09 	13	0.0
2017 	09 	14	0.0
2017 	09 	15	0.0
2017 	09 	16	0.0
2017 	09 	17	0.0
2017 	09 	18	0.0
2017 	09 	19	0.0
2017 	09 	20	0.0
2017 	09 	21	0.0
2017 	09 	22	0.0
2017 	09 	23	0.0
2017 	09 	24	0.0
2017 	09 	25	0.0
2017 	09 	26	0.0
2017 	09 	27	0.0
2017 	09 	28	0.0
2017 	09 	29	0.0
2017 	09 	30	0.0
2017 	10 	01	0.0
2017 	10 	02	0.0
2017 	10 	03	0.0
2017 	10 	04	0.0
2017 	10 	05	0.0
2017 	10 	06	0.0
2017 	10 	07	0.0
2017 	10 	08	0.0
2017 	10 	09	0.0
2017 	10 	10	0.0
2017 	10 	11	0.0
2017 	10 	12	0.0
2017 	10 	13	0.0
2017 	10 	14	0.0
2017 	10 	15	0.0
2017 	10 	16	0.0
2017 	10 	17	0.0
2017 	10 	18	0.0
2017 	10 	19	0.0
2017 	10 	20	0.0
2017 	10 	21	0.0
2017 	10 	22	0.0
2017 	10 	23	0.0
2017 	10 	24	0.0
2017 	10 	25	0.0
2017 	10 	26	0.0
2017 	10 	27	0.0
2017 	10 	28	0.0
2017 	10 	29	0.0
2017 	10 	30	0.0
2017 	10 	31	0.0
2017 	11 	01	0.0
2017 	11 	02	0.0
2017 	11 	03	0.0
2017 	11 	04	0.0
2017 	11 	05	0.0
2017 	11 	06	0.0
2017 	11 	07	0.0
2017 	11 	08	0.0
2017 	11 	09	0.0
2017 	11 	10	0.0
2017 	11 	11	0.0
2017 	11 	12	0.0
2017 	11 	13	0.0
2017 	11 	14	0.0
2017 	11 	15	0.0
2017 	11 	16	0.0
2017 	11 	17	0.0
2017 	11 	18	0.0
2017 	11 	19	0.0
2017 	11 	20	0.0
2017 	11 	21	0.0
2017 	11 	22	0.0
2017 	11 	23	0.0
2017 	11 	24	0.0
2017 	11 	25	0.0
2017 	11 	26	0.0
2017 	11 	27	0.0
2017 	11 	28	0.0
2017 	11 	29	0.0
2017 	11 	30	0.0
2017 	12 	01	0.0
2017 	12 	02	0.0
2017 	12 	03	0.0
2017 	12 	04	0.0
2017 	12 	05	0.0
2017 	12 	06	0.0
2017 	12 	07	0.0
2017 	12 	08	0.0
2017 	12 	09	0.0
2017 	12 	10	0.0
2017 	12 	11	0.0
2017 	12 	12	0.0
2017 	12 	13	0.0
2017 	12 	14	0.0
2017 	12 	15	0.0
2017 	12 	16	0.0
2017 	12 	17	0.0
2017 	12 	18	0.0
2017 	12 	19	0.0
2017 	12 	20	0.0
2017 	12 	21	8.2
2017 	12 	22	0.0
2017 	12 	23	0.0
2017 	12 	24	16.8
2017 	12 	25	0.0
2017 	12 	26	0.0
2017 	12 	27	0.0
2017 	12 	28	0.0
2017 	12 	29	0.0
2017 	12 	30	0.0
2017 	12 	31	0.0
2018 	01 	01	0.0
2018 	01 	02	0.0
2018 	01 	03	0.0
2018 	01 	04	0.0
2018 	01 	05	0.0
2018 	01 	06	0.0
2018 	01 	07	0.0
2018 	01 	08	0.0
2018 	01 	09	0.0
2018 	01 	10	0.0
2018 	01 	11	0.0
2018 	01 	12	0.0
2018 	01 	13	0.0
2018 	01 	14	0.0
2018 	01 	15	0.0
2018 	01 	16	0.0
2018 	01 	17	0.0
2018 	01 	18	0.0
2018 	01 	19	18.2
2018 	01 	20	9.8
2018 	01 	21	0.0
2018 	01 	22	0.0
2018 	01 	23	0.0
2018 	01 	24	0.0
2018 	01 	25	0.0
2018 	01 	26	0.0
2018 	01 	27	19.0
2018 	01 	28	0.0
2018 	01 	29	0.0
2018 	01 	30	0.0
2018 	01 	31	0.0
2018 	02 	01	0.0
2018 	02 	02	0.0
2018 	02 	03	0.0
2018 	02 	04	0.0
2018 	02 	05	0.0
2018 	02 	06	0.0
2018 	02 	07	0.0
2018 	02 	08	3.0
2018 	02 	09	8.6
2018 	02 	10	0.0
2018 	02 	11	0.0
2018 	02 	12	0.0
2018 	02 	13	0.0
2018 	02 	14	0.0
2018 	02 	15	20.0
2018 	02 	16	9.0
2018 	02 	17	45.2
2018 	02 	18	0.0
2018 	02 	19	0.0
2018 	02 	20	4.0
2018 	02 	21	0.0
2018 	02 	22	0.0
2018 	02 	23	0.0
2018 	02 	24	0.0
2018 	02 	25	0.0
2018 	02 	26	0.0
2018 	02 	27	0.0
2018 	02 	28	0.0
2018 	03 	01	8.0
2018 	03 	02	0.0
2018 	03 	03	0.0
2018 	03 	04	23.0
2018 	03 	05	0.0
2018 	03 	06	0.0
2018 	03 	07	0.0
2018 	03 	08	0.0
2018 	03 	09	0.0
2018 	03 	10	0.0
2018 	03 	11	0.0
2018 	03 	12	0.0
2018 	03 	13	0.0
2018 	03 	14	0.0
2018 	03 	15	0.0
2018 	03 	16	0.0
2018 	03 	17	0.0
2018 	03 	18	0.0
2018 	03 	19	0.0
2018 	03 	20	0.0
2018 	03 	21	0.0
2018 	03 	22	0.0
2018 	03 	23	0.0
2018 	03 	24	0.0
2018 	03 	25	0.0
2018 	03 	26	0.0
2018 	03 	27	0.0
2018 	03 	28	0.0
2018 	03 	29	0.0
2018 	03 	30	0.0
2018 	03 	31	36.0
2018 	04 	01	0.0
2018 	04 	02	21.6
2018 	04 	03	26.0
2018 	04 	04	0.0
2018 	04 	05	5.5
2018 	04 	06	0.0
2018 	04 	07	0.0
2018 	04 	08	20.0
2018 	04 	09	0.0
2018 	04 	10	0.0
2018 	04 	11	0.0
2018 	04 	12	0.0
2018 	04 	13	45.0
2018 	04 	14	0.0
2018 	04 	15	0.0
2018 	04 	16	0.0
2018 	04 	17	11.0
2018 	04 	18	0.0
2018 	04 	19	0.0
2018 	04 	20	0.0
2018 	04 	21	0.0
2018 	04 	22	0.0
2018 	04 	23	0.0
2018 	04 	24	0.0
2018 	04 	25	0.0
2018 	04 	26	0.0
2018 	04 	27	0.0
2018 	04 	28	0.0
2018 	04 	29	10.0
2018 	04 	30	4.4
2018 	05 	01	4.2
2018 	05 	02	5.6
2018 	05 	03	9.8
2018 	05 	04	0.0
2018 	05 	05	0.0
2018 	05 	06	0.0
2018 	05 	07	0.0
2018 	05 	08	0.0
2018 	05 	09	0.0
2018 	05 	10	0.0
2018 	05 	11	0.0
2018 	05 	12	0.0
2018 	05 	13	0.0
2018 	05 	14	0.0
2018 	05 	15	0.0
2018 	05 	16	0.0
2018 	05 	17	0.0
2018 	05 	18	0.0
2018 	05 	19	0.0
2018 	05 	20	0.0
2018 	05 	21	0.0
2018 	05 	22	0.0
2018 	05 	23	0.0
2018 	05 	24	0.0
2018 	05 	25	0.0
2018 	05 	26	0.0
2018 	05 	27	0.0
2018 	05 	28	0.0
2018 	05 	29	5.0
2018 	05 	30	0.0
2018 	05 	31	0.0
2018 	06 	01	0.0
2018 	06 	02	0.0
2018 	06 	03	0.0
2018 	06 	04	0.0
2018 	06 	05	0.0
2018 	06 	06	0.0
2018 	06 	07	0.0
2018 	06 	08	0.0
2018 	06 	09	0.0
2018 	06 	10	0.0
2018 	06 	11	0.0
2018 	06 	12	0.0
2018 	06 	13	0.0
2018 	06 	14	0.0
2018 	06 	15	0.0
2018 	06 	16	0.0
2018 	06 	17	0.0
2018 	06 	18	0.0
2018 	06 	19	16.0
2018 	06 	20	0.0
2018 	06 	21	0.0
2018 	06 	22	0.0
2018 	06 	23	0.0
2018 	06 	24	0.0
2018 	06 	25	0.0
2018 	06 	26	0.0
2018 	06 	27	0.0
2018 	06 	28	0.0
2018 	06 	29	0.0
2018 	06 	30	0.0
2018 	07 	01	0.0
2018 	07 	02	0.0
2018 	07 	03	0.0
2018 	07 	04	0.0
2018 	07 	05	0.0
2018 	07 	06	0.0
2018 	07 	07	40.0
2018 	07 	08	0.0
2018 	07 	09	0.0
2018 	07 	10	0.0
2018 	07 	11	0.0
2018 	07 	12	0.0
2018 	07 	13	0.0
2018 	07 	14	0.0
2018 	07 	15	0.0
2018 	07 	16	0.0
2018 	07 	17	0.0
2018 	07 	18	0.0
2018 	07 	19	0.0
2018 	07 	20	0.0
2018 	07 	21	0.0
2018 	07 	22	0.0
2018 	07 	23	0.0
2018 	07 	24	0.0
2018 	07 	25	0.0
2018 	07 	26	0.0
2018 	07 	27	0.0
2018 	07 	28	0.0
2018 	07 	29	0.0
2018 	07 	30	0.0
2018 	07 	31	0.0
2018 	08 	01	0.0
2018 	08 	02	0.0
2018 	08 	03	0.0
2018 	08 	04	0.0
2018 	08 	05	0.0
2018 	08 	06	0.0
2018 	08 	07	0.0
2018 	08 	08	0.0
2018 	08 	09	0.0
2018 	08 	10	0.0
2018 	08 	11	0.0
2018 	08 	12	0.0
2018 	08 	13	0.0
2018 	08 	14	0.0
2018 	08 	15	0.0
2018 	08 	16	0.0
2018 	08 	17	0.0
2018 	08 	18	0.0
2018 	08 	19	0.0
2018 	08 	20	0.0
2018 	08 	21	0.0
2018 	08 	22	0.0
2018 	08 	23	0.0
2018 	08 	24	0.0
2018 	08 	25	0.0
2018 	08 	26	0.0
2018 	08 	27	0.0
2018 	08 	28	0.0
2018 	08 	29	0.0
2018 	08 	30	0.0
2018 	08 	31	0.0
2018 	09 	01	0.0
2018 	09 	02	0.0
2018 	09 	03	0.0
2018 	09 	04	0.0
2018 	09 	05	0.0
2018 	09 	06	0.0
2018 	09 	07	0.0
2018 	09 	08	0.0
2018 	09 	09	0.0
2018 	09 	10	0.0
2018 	09 	11	0.0
2018 	09 	12	0.0
2018 	09 	13	0.0
2018 	09 	14	0.0
2018 	09 	15	0.0
2018 	09 	16	0.0
2018 	09 	17	0.0
2018 	09 	18	0.0
2018 	09 	19	0.0
2018 	09 	20	0.0
2018 	09 	21	0.0
2018 	09 	22	0.0
2018 	09 	23	0.0
2018 	09 	24	0.0
2018 	09 	25	0.0
2018 	09 	26	0.0
2018 	09 	27	0.0
2018 	09 	28	0.0
2018 	09 	29	0.0
2018 	09 	30	0.0
2018 	10 	01	0.0
2018 	10 	02	0.0
2018 	10 	03	0.0
2018 	10 	04	0.0
2018 	10 	05	0.0
2018 	10 	06	0.0
2018 	10 	07	0.0
2018 	10 	08	0.0
2018 	10 	09	0.0
2018 	10 	10	0.0
2018 	10 	11	0.0
2018 	10 	12	0.0
2018 	10 	13	0.0
2018 	10 	14	0.0
2018 	10 	15	0.0
2018 	10 	16	0.5
2018 	10 	17	0.0
2018 	10 	18	0.0
2018 	10 	19	0.0
2018 	10 	20	0.0
2018 	10 	21	0.0
2018 	10 	22	0.0
2018 	10 	23	0.0
2018 	10 	24	0.0
2018 	10 	25	0.0
2018 	10 	26	0.0
2018 	10 	27	0.0
2018 	10 	28	0.0
2018 	10 	29	0.0
2018 	10 	30	0.0
2018 	10 	31	0.0
2018 	11 	01	0.0
2018 	11 	02	0.0
2018 	11 	03	0.0
2018 	11 	04	0.0
2018 	11 	05	0.0
2018 	11 	06	0.0
2018 	11 	07	0.0
2018 	11 	08	0.0
2018 	11 	09	0.0
2018 	11 	10	0.0
2018 	11 	11	0.0
2018 	11 	12	0.0
2018 	11 	13	0.0
2018 	11 	14	0.0
2018 	11 	15	0.0
2018 	11 	16	0.0
2018 	11 	17	0.0
2018 	11 	18	0.0
2018 	11 	19	0.0
2018 	11 	20	0.0
2018 	11 	21	0.0
2018 	11 	22	0.0
2018 	11 	23	27.6
2018 	11 	24	0.0
2018 	11 	25	0.0
2018 	11 	26	0.0
2018 	11 	27	0.0
2018 	11 	28	2.6
2018 	11 	29	0.0
2018 	11 	30	0.0
2018 	12 	01	0.0
2018 	12 	02	0.0
2018 	12 	03	0.0
2018 	12 	04	0.0
2018 	12 	05	5.8
2018 	12 	06	nan
2018 	12 	07	nan
2018 	12 	08	0.0
2018 	12 	09	0.0
2018 	12 	10	6.2
2018 	12 	11	7.0
2018 	12 	12	0.0
2018 	12 	13	0.0
2018 	12 	14	0.0
2018 	12 	15	0.0
2018 	12 	16	0.0
2018 	12 	17	0.0
2018 	12 	18	3.6
2018 	12 	19	0.0
2018 	12 	20	0.0
2018 	12 	21	0.0
2018 	12 	22	0.0
2018 	12 	23	0.0
2018 	12 	24	10.0
2018 	12 	25	3.6
2018 	12 	26	0.0
2018 	12 	27	0.0
2018 	12 	28	0.0
2018 	12 	29	0.0
2018 	12 	30	0.0
2018 	12 	31	0.0
2019 	01 	01	0.0
2019 	01 	02	0.0
2019 	01 	03	0.0
2019 	01 	04	0.0
2019 	01 	05	0.0
2019 	01 	06	0.0
2019 	01 	07	7.0
2019 	01 	08	0.0
2019 	01 	09	0.0
2019 	01 	10	39.2
2019 	01 	11	0.0
2019 	01 	12	0.0
2019 	01 	13	0.0
2019 	01 	14	7.2
2019 	01 	15	0.0
2019 	01 	16	0.0
2019 	01 	17	4.2
2019 	01 	18	0.0
2019 	01 	19	1.8
2019 	01 	20	0.0
2019 	01 	21	0.0
2019 	01 	22	0.0
2019 	01 	23	0.0
2019 	01 	24	4.2
2019 	01 	25	0.0
2019 	01 	26	39.0
2019 	01 	27	0.0
2019 	01 	28	0.0
2019 	01 	29	0.0
2019 	01 	30	0.0
2019 	01 	31	0.0
2019 	02 	01	0.0
2019 	02 	02	0.0
2019 	02 	03	0.0
2019 	02 	04	0.0
2019 	02 	05	0.0
2019 	02 	06	7.6
2019 	02 	07	13.0
2019 	02 	08	0.0
2019 	02 	09	0.0
2019 	02 	10	0.0
2019 	02 	11	0.0
2019 	02 	12	0.0
2019 	02 	13	0.0
2019 	02 	14	51.0
2019 	02 	15	0.0
2019 	02 	16	0.0
2019 	02 	17	0.0
2019 	02 	18	3.2
2019 	02 	19	2.4
2019 	02 	20	0.0
2019 	02 	21	0.0
2019 	02 	22	0.0
2019 	02 	23	0.0
2019 	02 	24	4.0
2019 	02 	25	3.0
2019 	02 	26	0.0
2019 	02 	27	0.0
2019 	02 	28	0.0
2019 	03 	01	0.0
2019 	03 	02	0.0
2019 	03 	03	0.0
2019 	03 	04	0.0
2019 	03 	05	0.0
2019 	03 	06	0.0
2019 	03 	07	0.0
2019 	03 	08	0.0
2019 	03 	09	0.0
2019 	03 	10	0.0
2019 	03 	11	0.0
2019 	03 	12	6.8
2019 	03 	13	9.6
2019 	03 	14	12.0
2019 	03 	15	0.0
2019 	03 	16	0.0
2019 	03 	17	0.0
2019 	03 	18	0.0
2019 	03 	19	0.0
2019 	03 	20	0.0
2019 	03 	21	0.0
2019 	03 	22	3.2
2019 	03 	23	4.2
2019 	03 	24	0.0
2019 	03 	25	0.0
2019 	03 	26	0.0
2019 	03 	27	0.0
2019 	03 	28	0.0
2019 	03 	29	0.0
2019 	03 	30	0.0
2019 	03 	31	0.0
2019 	04 	01	0.0
2019 	04 	02	5.0
