Specification of soil parameters
Soil-ID[-],number(horizons)[-],res[Vol%],PWP[%],FK2.5[%],FK1.8[%],nFK[%],saturated[%],depth[mm],ks[mm/d],suction[mm],pore-size-index[-],bubblepressure[cm],coarse_frag[%],shrinks[0/1],bedrock[0/1],alluvial[0/1]
11	4	0.107	0.178	0.306	0.408	0.229	0.547	120	289	137.4	0.2693	17.7	0.275	0	0.113	0.2	0.325	0.413	0.214	0.509	230	185	192.2	0.2368	24.26	0.275	1	0.102	0.164	0.277	0.37	0.207	0.509	200	204	120.9	0.2753	15.63	0.275	1	0.068	0.098	0.188	0.283	0.185	0.472	450	275	88.5	0.3642	11.98	0.275	0	1	0
35	2	0.086	0.124	0.213	0.298	0.174	0.509	50	531	56.7	0.3185	7.5	0.275	0	0.116	0.223	0.333	0.402	0.178	0.472	600	165	203.6	0.1878	24.83	0.035	0	1	0
39	5	0.075	0.101	0.179	0.262	0.161	0.434	90	316	83.6	0.3664	11.33	0.1	0	0.099	0.152	0.243	0.313	0.162	0.396	120	84	173.2	0.2659	22.26	0.01	0	0.104	0.226	0.321	0.367	0.141	0.396	190	52	453.4	0.1551	53.9	0.01	0	0.103	0.183	0.284	0.346	0.163	0.396	190	49	304.3	0.2168	37.89	0.01	0	0.084	0.116	0.201	0.281	0.165	0.396	270	189	138.9	0.3395	18.58	0.6	0	1	0
50	7	0.069	0.088	0.151	0.221	0.133	0.472	100	1261	36.4	0.3808	4.97	0.1	0	0.082	0.1	0.157	0.219	0.119	0.396	130	441	51.6	0.3729	7.02	0.1	0	0.092	0.121	0.189	0.255	0.134	0.434	220	384	48.6	0.3191	6.43	0.035	0	0.123	0.222	0.328	0.4	0.178	0.509	390	317	101.4	0.1917	12.4	0.035	0	0.114	0.281	0.386	0.436	0.155	0.472	1010	158	379.9	0.131	44.23	0.035	0	0.118	0.201	0.31	0.389	0.189	0.509	900	281	108.6	0.2217	13.58	0.1	0	0.115	0.197	0.299	0.37	0.172	0.472	750	102	117.6	0.212	14.59	0.1	0	0	0
51	4	0.097	0.147	0.245	0.33	0.183	0.491	200	336	87.1	0.2914	11.33	0.1	0	0.105	0.186	0.292	0.37	0.184	0.491	300	239	170.9	0.2507	21.18	0.1	0	0.117	0.315	0.447	0.5	0.185	0.528	600	232	666	0.139	78.07	0.155	0	0.108	0.258	0.375	0.426	0.168	0.453	900	115	639.6	0.1565	76.07	0.155	0	0	0
54	5	0.067	0.088	0.157	0.233	0.145	0.472	160	917	45.7	0.3806	6.23	0.035	0	0.12	0.225	0.322	0.384	0.158	0.472	310	239	110.7	0.172	13.34	0.035	0	0.112	0.173	0.257	0.319	0.145	0.434	280	222	75.6	0.2244	9.46	0	0	0.097	0.134	0.212	0.282	0.148	0.434	400	256	68	0.2976	8.9	0	0	0.098	0.134	0.206	0.272	0.139	0.434	450	309	53.7	0.2942	7.02	0	0	1	0
55	4	0.076	0.101	0.175	0.252	0.151	0.472	100	633	50.3	0.3566	6.78	0.275	0	0.103	0.151	0.238	0.31	0.158	0.434	120	183	92.7	0.2685	11.93	0.275	0	0.105	0.219	0.313	0.362	0.142	0.396	250	57	375.2	0.1611	44.82	0.275	0	0.109	0.255	0.355	0.402	0.147	0.434	270	99	421.5	0.1393	49.43	0.275	0	1	0
60	5	0.085	0.116	0.2	0.279	0.162	0.396	140	137	132.4	0.3393	17.7	0.1	0	0.108	0.192	0.298	0.367	0.176	0.434	160	83	229.6	0.2167	28.6	0.1	0	0.105	0.269	0.369	0.411	0.142	0.434	270	87	607.4	0.1304	70.67	0.1	0	0.1	0.169	0.281	0.361	0.191	0.434	230	69	246.3	0.2555	31.45	0.1	0	0.099	0.159	0.266	0.347	0.188	0.434	200	84	197.8	0.2691	25.47	0.275	0	1	0
64	2	0.087	0.159	0.23	0.285	0.126	0.434	400	2951	174.8	0.2638	20.77	0.1	0	0.101	0.192	0.279	0.326	0.134	0.358	500	42	382.4	0.1805	46.39	0.035	0	1	0																																																				
83	4	0.042	0.056	0.119	0.201	0.144	0.522	300	4558	37.8	0.4438	5.29	0.057	0	0.056	0.074	0.14	0.22	0.146	0.522	300	3593	35.6	0.4045	4.9	0.057	0	0.074	0.099	0.167	0.241	0.142	0.484	200	915	39.1	0.3589	5.28	0.078	0	0.097	0.138	0.216	0.285	0.147	0.472	900	288	50.9	0.2928	6.58	0.078	0	0	0
93	6	0.032	0.047	0.115	0.209	0.162	0.547	60	6798	45.1	0.4612	6.35	0.1	0	0.033	0.047	0.114	0.207	0.16	0.547	130	7384	44.1	0.4635	6.21	0.035	0	0.033	0.046	0.111	0.202	0.155	0.547	340	8620	42.1	0.4681	5.94	0.1	0	0.049	0.066	0.133	0.215	0.148	0.509	690	2652	40.1	0.4174	5.55	0.1	0	0.053	0.071	0.135	0.213	0.142	0.509	780	2753	35.7	0.4093	4.93	0.1	0	0.076	0.101	0.171	0.244	0.143	0.509	350	1223	31.4	0.348	4.22	0.1	0	1	0
96	2	0.052	0.07	0.137	0.217	0.147	0.547	200	3864	31.1	0.4054	4.28	0.275	0	0.052	0.07	0.137	0.217	0.147	0.547	550	3864	31.1	0.4054	4.28	0.9	0	1	0
105	5	0.047	0.058	0.113	0.189	0.131	0.408	210	1240	64.8	0.4751	9.18	0	0	0.046	0.058	0.115	0.193	0.136	0.408	230	1031	69.6	0.473	9.85	0	0	0.093	0.124	0.198	0.266	0.142	0.389	450	155	95.4	0.3173	12.62	0.01	0	0.101	0.151	0.236	0.303	0.152	0.4	310	113	126.8	0.2635	16.27	0.01	0	0.1	0.173	0.249	0.292	0.119	0.325	300	33	337.4	0.1912	41.26	0.01	0	0	0
109	5	0.106	0.178	0.303	0.397	0.219	0.509	100	170	172	0.2632	22.07	0	0	0.112	0.237	0.334	0.387	0.15	0.434	400	120	260.4	0.1535	30.92	0.01	1	0.1	0.25	0.341	0.378	0.127	0.396	450	48	691.4	0.1296	80.39	0.01	1	0.079	0.118	0.219	0.308	0.19	0.396	400	84	228.1	0.3391	30.5	0.01	1	0.073	0.088	0.143	0.209	0.121	0.396	250	552	55.6	0.4057	7.67	0	0	0	0